 1824
 726
 2095
 1501
 3259
 2635
 2744
 2701
 513
 1330
 1687
 2488
 3599
 539
 1901
 2239
 712
 1662
 502
 555
 2865
 2485
 412
 2871
 1820
 1095
 3078
 3478
 138
 2963
 911
 815
 61
 3123
 1475
 1705
 500
 913
 1629
 3422
 2612
 151
 1349
 2737
 1975
 2058
 564
 1848
 1226
 2690
 1301
 839
 1947
 539
 1651
 2138
 2164
 2004
 51
 2311
 144
 1126
 2341
 389
 1805
 266
 310
 2636
 973
 1486
 1060
 194
 2282
 530
 2809
 2603
 2399
 2464
 3119
 669
 1212
 2814
 2119
 572
 1264
 663
 209
 1028
 1522
 1365
 2601
 1824
 2889
 2085
 2879
 1211
 2711
 2687
 1411
 2254
 1704
 383
 2767
 2359
 933
 2089
 1868
 1234
 3061
 1257
 2231
 2403
 675
 1516
 2202
 1401
 2881
 2534
 161
 836
 153
 1012
 1688
 2201
 2023
 2969
 2510
 2461
 1998
 2558
 1282
 1059
 2965
 170
 1991
 2630
 631
 1393
 1525
 2062
 1842
 544
 750
 470
 1287
 439
 1255
 695
 1466
 1700
 1976
 1656
 2402
 1812
 1242
 478
 1011
 3086
 1403
 1250
 2182
 256
 2218
 2356
 1447
 800
 2003
 2469
 2929
 2541
 43
 1145
 618
 2387
 922
 2234
 2460
 2689
 2233
 1005
 1124
 2068
 2601
 310
 332
 1612
 2836
 2709
 1887
 76
 1622
 1933
 1008
 2518
 408
 1529
 1854
 1638
 2320
 1831
 2651
 1952
 2229
 2451
 341
 1644
 10
 2886
 3095
 908
 1594
 1248
 512
 2190
 1851
 1682
 589
 903
 523
 2380
 653
 200
 1323
 1923
 560
 483
 1392
 740
 2103
 2227
 1830
 346
 597
 732
 611
 2708
 3076
 1929
 2466
 3313
 3176
 2398
 1945
 1303
 3129
 2606
 2372
 2081
 2221
 2193
 1005
 2199
 2643
 2358
 1415
 1309
 1478
 1509
 1263
 1969
 441
 502
 1271
 2388
 1158
 3124
 631
 1638
 1991
 2377
 3319
 2132
 2141
 2562
 2190
 874
 771
 2649
 863
 2170
 2549
 1615
 2185
 542
 1290
 1920
 1302
 2481
 716
 1608
 2245
 1730
 2847
 411
 1177
 1791
 2429
 2160
 1296
 1248
 405
 2628
 2088
 470
 1691
 2978
 658
 2573
 1154
 1354
 1610
 2642
 2678
 2097
 2658
 2865
 1914
 1551
 1769
 2769
 1198
 1682
 1719
 1171
 1118
 1621
 2342
 817
 2699
 2313
 2348
 2418
 1445
 2273
 2148
 2139
 3093
 1385
 2016
 2011
 481
 2673
 1876
 730
 3127
 1708
 2478
 2287
 2688
 2390
 2233
 2047
 2885
 613
 1545
 42
 1623
 559
 2841
 2003
 1332
 2920
 297
 1910
 2478
 1682
 1442
 626
 1590
 2477
 2383
 2109
 1396
 869
 1494
 2476
 970
 2529
 2736
 1567
 1672
 2236
 868
 1306
 2334
 1036
 2703
 2073
 907
 2738
 1049
 1688
 1837
 1636
 2969
 2742
 2262
 1774
 1578
 2290
 533
 877
 264
 1777
 2416
 1280
 158
 1704
 786
 1500
 3500
 1134
 2497
 875
 1891
 940
 1349
 212
 2424
 3057
 2967
 1904
 120
 1069
 622
 98
 623
 514
 2277
 2347
 259
 372
 1945
 193
 2032
 1609
 2407
 655
 104
 1464
 472
 2736
 3404
 382
 1883
 739
 1900
 198
 1632
 328
 2251
 741
 3533
 2272
 2421
 265
 3303
 3124
 2300
 2502
 1547
 1240
 1331
 806
 2471
 1759
 1322
 1439
 792
 3259
 1562
 1175
 3271
 2677
 1367
 1486
 1918
 3529
 852
 314
 597
 573
 101
 1443
 676
 1576
 999
 2925
 1326
 1941
 2695
 1457
 1923
 2633
 2772
 416
 117
 2421
 190
 2896
 1165
 490
 2109
 2305
 2059
 2297
 1833
 1967
 2457
 2507
 3158
 2773
 456
 621
 2626
 1332
 1254
 2551
 1162
 3477
 404
 2937
 2546
 2446
 1325
 2870
 3090
 2561
 2462
 1611
 1957
 373
 1135
 915
 1638
 3142
 2094
 3029
 1641
 1699
 1975
 1112
 113
 1469
 1767
 2346
 1531
 2803
 2026
 1070
 761
 505
 2675
 1473
 578
 1191
 2308
 1121
 2795
 1021
 1966
 2695
 847
 2439
 2960
 584
 2448
 2210
 127
 2649
 2385
 2474
 2311
 2187
 1401
 1262
 2719
 3185
 1168
 2754
 1496
 846
 939
 547
 1836
 2761
 2803
 2151
 3369
 2061
 1764
 2672
 3203
 1854
 2475
 2724
 2609
 3038
 620
 2817
 534
 1471
 1994
 3350
 1457
 1055
 379
 1922
 1530
 1630
 2575
 601
 2211
 1346
 2761
 3462
 1148
 1176
 1217
 2197
 3116
 1797
 3366
 2194
 2239
 359
 3184
 2040
 232
 2501
 1131
 1738
 2850
 2135
 737
 1686
 1726
 658
 2130
 1318
 2343
 2882
 720
 938
 2024
 924
 2271
 1243
 41
 1431
 1202
 2008
 2138
 3167
 1731
 1037
 1879
 3076
 2772
 532
 2945
 1328
 781
 1687
 573
 448
 2164
 1304
 2545
 1750
 2338
 2179
 1975
 1835
 3269
 2990
 2093
 1430
 986
 2721
 2612
 1092
 1629
 2907
 2087
 1757
 2537
 3244
 1484
 969
 2253
 2389
 97
 1569
 2832
 1247
 1413
 1618
 158
 804
 2748
 457
 1796
 528
 386
 1455
 1121
 1450
 108
 2607
 1283
 1935
 195
 1170
 2230
 1738
 831
 2426
 216
 2703
 1949
 2948
 1010
 2149
 1485
 426
 1293
 1815
 2445
 442
 732
 2312
 1270
 2682
 2334
 1992
 1604
 3026
 2587
 2121
 1614
 609
 135
 1898
 988
 1988
 2922
 3090
 92
 2727
 613
 1805
 1436
 2719
 2652
 2587
 1203
 277
 833
 2564
 2000
 992
 1821
 505
 1228
 1615
 846
 324
 3052
 2877
 1801
 2128
 3135
 110
 2380
 3158
 65
 2509
 2251
 474
 1375
 722
 2650
 1144
 2128
 3238
 2982
 1000
 1718
 15
 1041
 2845
 365
 3462
 1173
 1440
 2131
 437
 1151
 2335
 761
 1218
 1514
 1787
 900
 185
 208
 262
 1432
 2082
 668
 3532
 1449
 1393
 3066
 367
 1139
 3087
 1149
 1237
 1052
 774
 2983
 352
 2442
 1099
 452
 1334
 2340
 2293
 2467
 604
 1644
 2571
 1728
 973
 1647
 2330
 1122
 3588
 1528
 1820
 2237
 2746
 1405
 909
 563
 2212
 1347
 3018
 1615
 544
 813
 1046
 2096
 1419
 2074
 1821
 1441
 2058
 342
 757
 346
 3083
 719
 2273
 2028
 2520
 2876
 2908
 2137
 1389
 1235
 2367
 964
 2219
 2279
 1968
 1114
 1333
 2535
 1160
 705
 2800
 1479
 357
 2519
 703
 1174
 1775
 503
 99
 1516
 2708
 2138
 3124
 2146
 2974
 462
 724
 235
 767
 1826
 888
 1450
 2283
 907
 1295
 1613
 146
 1952
 2422
 2919
 1244
 717
 1154
 1757
 1679
 1556
 1372
 244
 2842
 2322
 1302
 1288
 1435
 918
 3238
 1057
 1824
 2036
 2474
 1812
 2583
 1411
 999
 1681
 2022
 1280
 1085
 2568
 395
 932
 1382
 1751
 1650
 542
 2590
 1839
 687
 1291
 3404
 2477
 318
 152
 2703
 3291
 648
 1507
 1349
 2840
 2274
 1243
 1021
 1609
 2429
 601
 954
 2375
 2108
 124
 1666
 396
 2077
 513
 2421
 1138
 2069
 1556
 1716
 2107
 1064
 1631
 2014
 806
 1129
 925
 2486
 855
 2134
 2829
 957
 2614
 3192
 1350
 2590
 2186
 1320
 2578
 2208
 2983
 835
 222
 2862
 1361
 1931
 1633
 104
 1101
 2529
 1384
 938
 2092
 602
 1037
 2324
 1631
 2036
 3343
 1208
 276
 536
 299
 1792
 2217
 1077
 1709
 2025
 1619
 1239
 907
 740
 2572
 1681
 1184
 962
 2699
 186
 166
 3166
 1328
 445
 1707
 2585
 433
 1153
 2803
 160
 1370
 2175
 2267
 1638
 1856
 1433
 2859
 2040
 1727
 553
 1833
 907
 2898
 879
 536
 1931
 2145
 3572
 3117
 2046
 1311
 2810
 2850
 1673
 1309
 1332
 1358
 1179
 3269
 747
 1804
 2921
 10
 3250
 170
 2057
 3372
 2472
 2789
 1134
 2339
 3328
 85
 1374
 1597
 1409
 1809
 1150
 878
 2969
 2363
 2439
 843
 2414
 3080
 1543
 1864
 952
 2206
 722
 1172
 1747
 378
 2827
 811
 2462
 2062
 1981
 2646
 1013
 968
 1035
 134
 382
 2938
 2540
 1469
 225
 2526
 2029
 1235
 1245
 300
 1387
 1723
 1474
 2206
 2200
 2601
 1220
 3149
 17
 56
 1905
 1284
 1752
 1049
 628
 2167
 2051
 2259
 332
 1207
 1695
 3744
 2636
 2636
 2312
 145
 497
 1071
 2406
 1475
 901
 1747
 2862
 2785
 2780
 1867
 356
 1882
 2247
 1749
 1281
 834
 2777
 3234
 1623
 1700
 2106
 2860
 1256
 2695
 3146
 2948
 31
 3031
 2227
 1420
 1124
 1542
 1058
 895
 2041
 3075
 410
 1128
 2184
 1147
 632
 2510
 1241
 1548
 1259
 2643
 2712
 483
 882
 1323
 2755
 1603
 393
 2335
 1385
 1922
 990
 2125
 2043
 1352
 1062
 1687
 2670
 2817
 1832
 1657
 2895
 1919
 810
 2079
 1095
 2897
 1861
 1658
 2259
 1107
 1785
 1494
 1949
 1604
 611
 2185
 2131
 2834
 2960
 3143
 1297
 188
 909
 2145
 2729
 2160
 1232
 1865
 165
 2135
 1315
 2364
 1942
 581
 1748
 1660
 390
 3194
 2996
 3269
 2194
 1051
 2403
 298
 1899
 2091
 1942
 1857
 175
 2267
 1538
 153
 1189
 1677
 1466
 3254
 2863
 1339
 381
 450
 2351
 408
 1305
 2879
 23
 1623
 78
 886
 2078
 80
 3036
 5
 1297
 1490
 2692
 2345
 882
 2656
 3034
 132
 1802
 1302
 3351
 2059
 850
 654
 2538
 2803
 1326
 1388
 824
 1537
 323
 1331
 1954
 2955
 2039
 920
 1478
 2326
 76
 1923
 456
 2306
 2037
 1192
 1667
 982
 1679
 286
 2447
 1802
 1765
 2964
 1525
 1452
 18
 989
 2135
 3703
 1670
 1740
 3205
 945
 1200
 1919
 1932
 988
 334
 2355
 3010
 467
 2738
 1526
 2048
 2768
 1236
 1841
 1239
 1358
 1758
 77
 2664
 1193
 2212
 1728
 2016
 2729
 771
 1856
 3316
 3162
 3211
 2312
 1936
 2295
 2914
 2090
 1284
 2829
 668
 881
 787
 3205
 1170
 2145
 1624
 643
 2247
 2600
 2504
 264
 2121
 1886
 113
 2269
 2125
 2154
 436
 87
 2459
 1625
 1159
 1589
 1027
 99
 830
 951
 1626
 1062
 1289
 1391
 732
 2011
 1913
 2461
 494
 1796
 1640
 1692
 2545
 1424
 2584
 1678
 1947
 1192
 1042
 2898
 1557
 2109
 675
 2059
 999
 1759
 2032
 1255
 1002
 2576
 352
 1848
 2134
 3037
 1008
 1680
 2252
 347
 2738
 1581
 3759
 3116
 2351
 949
 884
 1966
 1032
 2804
 3455
 1207
 115
 195
 852
 1494
 2666
 2911
 2198
 1329
 1851
 796
 677
 1478
 1359
 196
 3396
 2126
 728
 2852
 2282
 32
 1746
 3110
 1180
 2082
 853
 1290
 1812
 960
 1473
 2149
 805
 2062
 1968
 1647
 1528
 3248
 875
 1541
 2350
 2632
 3163
 2277
 2062
 302
 2627
 2616
 2404
 1545
 1586
 2930
 518
 2249
 1223
 2769
 2179
 2027
 1230
 1787
 494
 2183
 2290
 2047
 184
 1192
 1562
 1572
 1708
 2387
 1772
 3831
 354
 2199
 2598
 2852
 2341
 1053
 994
 442
 1215
 1488
 2481
 1228
 856
 1623
 228
 2075
 1428
 1824
 1557
 179
 1887
 152
 2183
 2343
 1079
 2137
 1079
 2254
 1704
 2485
 1900
 269
 601
 1094
 1349
 2204
 1672
 2965
 2243
 1394
 2926
 1890
 2482
 962
 1979
 1914
 802
 2635
 3080
 1054
 3500
 2958
 1633
 231
 720
 2629
 2977
 1516
 3146
 1638
 2522
 2433
 332
 1720
 1524
 2152
 2065
 2351
 1304
 1592
 1944
 2318
 519
 17
 1826
 2485
 412
 1953
 2657
 2291
 2466
 778
 2805
 2591
 556
 2272
 1660
 2887
 881
 823
 458
 685
 1209
 1234
 1193
 2214
 2373
 2670
 1217
 1959
 1915
 1766
 794
 570
 206
 2329
 1461
 1843
 2014
 2917
 1524
 1767
 1303
 1702
 1461
 802
 301
 322
 1529
 2149
 1575
 2518
 2475
 1930
 337
 894
 2396
 509
 405
 1463
 1748
 488
 1717
 1036
 406
 870
 679
 3228
 959
 1242
 2248
 1753
 2105
 1009
 1299
 70
 1217
 2368
 2359
 1429
 2192
 2368
 540
 1837
 1073
 2255
 1516
 1972
 1510
 1531
 1692
 1614
 2013
 1085
 1088
 571
 2915
 2903
 1866
 522
 613
 2504
 2597
 1891
 2409
 2561
 1606
 1868
 1511
 1894
 3750
 2669
 2121
 1738
 1623
 644
 2668
 1735
 1140
 223
 1767
 437
 1878
 2793
 2758
 2596
 1339
 3003
 1527
 2992
 1837
 398
 2428
 1057
 2816
 2970
 752
 2371
 1349
 66
 939
 2545
 1137
 681
 248
 3110
 1976
 944
 2872
 486
 1145
 971
 1732
 2272
 2178
 1158
 551
 1686
 748
 1271
 2439
 884
 674
 1249
 1684
 2363
 1352
 175
 2353
 3019
 3286
 1416
 2674
 2124
 1377
 1313
 1830
 54
 3161
 1011
 2457
 1333
 423
 3159
 175
 1057
 2180
 2092
 1208
 2395
 1811
 1847
 207
 672
 941
 682
 1026
 1201
 2302
 2326
 1787
 2056
 1107
 990
 1103
 750
 781
 2133
 1612
 1906
 2087
 265
 649
 3068
 2719
 3333
 1712
 432
 1231
 310
 2900
 2
 559
 2531
 1067
 917
 31
 1076
 1960
 32
 712
 237
 2707
 835
 1160
 2608
 2226
 2466
 2200
 3328
 2194
 1533
 1303
 513
 1514
 2190
 1494
 2961
 506
 1975
 2691
 2037
 1280
 1599
 2707
 2026
 1454
 1030
 2460
 596
 1491
 39
 120
 207
 998
 1761
 2983
 3544
 2947
 714
 2095
 2628
 1618
 1056
 1173
 2524
 1858
 1984
 1206
 2510
 2041
 1622
 840
 1934
 1292
 298
 1598
 1983
 909
 1966
 370
 2160
 947
 884
 664
 2252
 2453
 1829
 1181
 1395
 1053
 1251
 365
 1590
 255
 1727
 1198
 1383
 1944
 1696
 1841
 1377
 2570
 650
 2331
 2559
 2023
 1411
 2309
 1404
 35
 544
 3129
 1162
 1332
 1324
 2249
 2284
 887
 3205
 2181
 2575
 2955
 3135
 2397
 2030
 2065
 2242
 583
 3258
 2252
 1456
 2406
 1488
 1928
 14
 2665
 1721
 1295
 1813
 1675
 2595
 111
 2110
 301
 1628
 2599
 1755
 3191
 2155
 903
 1714
 1410
 391
 3159
 1455
 1111
 954
 683
 2730
 2595
 3120
 150
 3090
 2996
 1845
 1261
 373
 1625
 3151
 2181
 1856
 2318
 1500
 1980
 3491
 1239
 1591
 2043
 1784
 340
 1432
 1700
 2345
 885
 2623
 2621
 611
 1160
 41
 2204
 2195
 1570
 1853
 1592
 28
 1305
 1252
 151
 2015
 247
 862
 1909
 1084
 1017
 1459
 2710
 581
 965
 1960
 1788
 218
 641
 1824
 698
 1395
 1175
 1610
 1343
 2415
 2112
 125
 1665
 810
 424
 2272
 2473
 219
 2017
 2278
 2584
 2152
 1915
 898
 3303
 3268
 1605
 1254
 177
 2959
 748
 967
 2305
 2344
 1428
 692
 765
 325
 1580
 2646
 1004
 2116
 1740
 1477
 473
 2611
 142
 1467
 1739
 2917
 2709
 2449
 96
 1423
 1310
 769
 2121
 2588
 416
 2750
 646
 2430
 2053
 1764
 2450
 1433
 1732
 2714
 2389
 558
 2586
 1392
 942
 922
 73
 458
 2880
 1196
 2713
 2161
 2065
 2576
 2651
 3034
 1513
 1309
 1614
 1245
 308
 2066
 916
 1912
 1179
 736
 1010
 1492
 3360
 988
 1914
 3420
 2616
 1895
 3159
 2632
 43
 1501
 1228
 2041
 808
 1632
 2005
 2138
 2028
 1790
 2573
 1912
 1569
 1427
 2599
 247
 3164
 1959
 1769
 2238
 1271
 2377
 2419
 2459
 2353
 1510
 291
 3184
 2196
 471
 2619
 2316
 1769
 641
 1189
 1455
 473
 1808
 325
 655
 1552
 1302
 2058
 1839
 1025
 2351
 196
 2440
 657
 1873
 26
 2212
 2410
 1183
 2185
 1357
 247
 1850
 2812
 306
 229
 1936
 1193
 1082
 839
 2766
 1568
 2631
 2506
 1380
 604
 3193
 1927
 1375
 865
 3671
 1775
 1506
 1734
 3307
 2151
 812
 1283
 2978
 2767
 1375
 1001
 2245
 1455
 449
 1378
 2135
 2072
 572
 946
 1535
 2579
 2604
 526
 1328
 1681
 2341
 1250
 1155
 428
 736
 388
 2106
 1820
 1333
 805
 1602
 3130
 565
 1304
 2453
 285
 694
 2483
 3485
 1070
 216
 1614
 786
 609
 2777
 123
 2603
 1071
 1171
 2533
 2377
 367
 1748
 2652
 2383
 1976
 895
 1028
 2435
 1215
 1725
 3118
 2085
 2646
 1973
 2659
 1622
 2221
 810
 2570
 1725
 1494
 1397
 596
 1421
 2389
 2503
 1108
 313
 176
 584
 1674
 3274
 2449
 213
 833
 1166
 1212
 2899
 520
 1240
 345
 340
 2260
 84
 2402
 759
 1792
 2919
 1325
 2269
 3414
 2279
 2354
 1577
 1255
 1031
 1772
 1373
 2602
 1218
 904
 1642
 2695
 2181
 2082
 1368
 2987
 2759
 911
 1536
 1219
 984
 2713
 2278
 2938
 2302
 2787
 1683
 950
 1599
 1849
 825
 306
 2513
 2101
 2541
 2694
 1897
 2245
 74
 2331
 2059
 2354
 944
 737
 2387
 1620
 1649
 1258
 2059
 3432
 1298
 283
 1766
 443
 2814
 312
 2907
 1523
 967
 2333
 3224
 729
 1827
 2183
 1390
 855
 1694
 2254
 1113
 1150
 2340
 1413
 2057
 2761
 901
 2935
 1181
 1979
 1003
 2492
 2701
 387
 2063
 1691
 889
 1986
 1544
 3047
 3415
 612
 1995
 1881
 2370
 386
 3322
 2987
 672
 2907
 1331
 798
 876
 3324
 2108
 1755
 1113
 3196
 782
 1341
 2434
 180
 155
 2952
 1805
 2037
 1980
 2078
 3071
 660
 296
 877
 2666
 1506
 703
 1805
 2093
 985
 1542
 1502
 3457
 2389
 2547
 906
 2651
 680
 533
 2926
 1582
 480
 2146
 2602
 903
 990
 966
 1196
 374
 2800
 2526
 87
 2820
 339
 2352
 1590
 116
 2155
 2438
 777
 1818
 1286
 2149
 1140
 1845
 124
 2977
 2617
 2661
 1102
 3038
 2906
 7
 2898
 923
 2913
 2391
 2
 2455
 2851
 2087
 1364
 2534
 2681
 2131
 862
 3283
 1447
 2269
 2470
 2260
 153
 1950
 384
 92
 3037
 2224
 1334
 433
 3017
 2458
 2055
 1716
 1199
 1523
 1846
 1218
 261
 1390
 403
 993
 1116
 1778
 2117
 505
 2562
 881
 1453
 2475
 2554
 1783
 368
 584
 1828
 1817
 1206
 930
 3194
 2725
 2194
 154
 1890
 605
 1209
 323
 1952
 1619
 1064
 1434
 163
 1206
 1408
 2282
 393
 1626
 1615
 139
 2599
 2477
 2700
 1265
 2491
 1896
 1610
 1959
 82
 1239
 3050
 2161
 2520
 1709
 2558
 2388
 1838
 1786
 743
 835
 1358
 541
 1033
 531
 2682
 776
 1185
 2539
 2407
 1931
 1794
 2053
 2154
 463
 2146
 951
 1330
 325
 2408
 1613
 849
 3178
 1595
 3011
 3203
 1356
 601
 2612
 1367
 2799
 852
 816
 1280
 391
 203
 1698
 745
 1514
 2526
 1518
 2727
 1493
 1041
 494
 2529
 1933
 783
 2978
 232
 1420
 2381
 1617
 2454
 2642
 905
 1151
 2584
 1478
 2527
 2794
 2465
 1552
 2252
 746
 1452
 782
 1371
 685
 1957
 360
 1990
 422
 86
 1154
 2712
 2464
 1049
 514
 2181
 665
 2616
 2073
 1699
 1530
 2535
 674
 2958
 3240
 2920
 2121
 1819
 2794
 2571
 2228
 1838
 2035
 2006
 1669
 2174
 2500
 2934
 1805
 2678
 2636
 1938
 2421
 925
 2135
 678
 2437
 1358
 3265
 1761
 2620
 2533
 3137
 990
 414
 1083
 2838
 1986
 619
 2741
 505
 1193
 1400
 888
 1536
 688
 643
 1140
 1236
 2219
 920
 511
 797
 853
 1943
 582
 958
 1749
 751
 392
 612
 1838
 2030
 1289
 1865
 3164
 2010
 2672
 1382
 1693
 128
 383
 2254
 915
 857
 520
 3003
 3077
 2112
 1922
 409
 2541
 570
 986
 903
 2235
 2618
 2915
 713
 1592
 336
 1462
 1546
 523
 524
 2113
 2146
 1056
 1565
 780
 93
 3472
 962
 861
 1576
 1580
 2687
 2030
 2976
 3416
 897
 1109
 1625
 573
 913
 2157
 2812
 1473
 2533
 2143
 2708
 1720
 1765
 1265
 1380
 2939
 740
 1841
 2737
 2608
 2101
 1310
 683
 2162
 2693
 205
 1116
 1736
 422
 1273
 1858
 415
 2881
 1934
 1024
 3213
 1524
 82
 1908
 1494
 3435
 3466
 2510
 1353
 363
 1914
 1635
 781
 2498
 1031
 3028
 394
 1834
 2562
 490
 2481
 1244
 3116
 281
 1407
 936
 1816
 3323
 457
 462
 1215
 3170
 2645
 1248
 676
 1469
 831
 2207
 1192
 1848
 1477
 534
 285
 2047
 1041
 141
 1194
 1453
 2359
 1811
 1185
 928
 312
 1274
 929
 1999
 3326
 1272
 844
 246
 1977
 323
 575
 1036
 1715
 515
 1804
 74
 2500
 2470
 888
 1612
 680
 1677
 2434
 749
 2708
 1348
 1071
 511
 732
 2362
 2967
 864
 3088
 1554
 905
 3001
 469
 918
 1458
 2268
 1240
 2988
 2202
 1612
 1457
 2511
 625
 2536
 3253
 315
 2186
 2805
 1156
 1837
 1378
 1670
 1955
 2520
 1294
 2518
 2276
 2236
 1937
 2049
 477
 2011
 2454
 2461
 1843
 307
 2415
 2694
 3499
 1295
 2077
 2172
 2752
 647
 2626
 2433
 1009
 2001
 2610
 322
 1143
 389
 2605
 2487
 1546
 1147
 1471
 1754
 1063
 2857
 3012
 2203
 1231
 1482
 160
 2494
 2365
 1956
 2343
 2609
 316
 533
 694
 1704
 993
 1741
 2744
 1784
 2175
 2563
 2954
 2000
 898
 1839
 406
 201
 1357
 2336
 1434
 1938
 1242
 1765
 1490
 2726
 1541
 3162
 1943
 2090
 1069
 2069
 2044
 562
 1116
 2792
 695
 1109
 1917
 334
 2684
 1729
 2496
 646
 794
 2617
 2090
 2109
 2507
 1019
 2488
 2759
 2962
 1584
 2427
 2018
 2208
 1069
 829
 429
 142
 2454
 2915
 1938
 2023
 2668
 2576
 2579
 3325
 2324
 2531
 2422
 2266
 40
 1303
 2616
 124
 3086
 2979
 2505
 2303
 2507
 1306
 219
 269
 718
 498
 883
 931
 537
 164
 1150
 2471
 458
 1085
 1055
 2106
 1433
 1003
 2195
 25
 2450
 1853
 3383
 2768
 1344
 2016
 1749
 2765
 1377
 902
 587
 1417
 2478
 1207
 2256
 2598
 2578
 747
 2238
 2333
 2618
 2679
 2861
 1841
 1987
 1780
 397
 365
 617
 269
 2520
 2029
 864
 1080
 1515
 662
 2147
 1365
 1590
 1049
 2458
 2726
 3036
 2640
 2906
 2270
 1022
 2152
 1905
 862
 1978
 1686
 268
 1729
 2718
 1958
 2022
 2536
 2407
 1268
 822
 280
 1232
 1601
 1094
 120
 2061
 2980
 1785
 2494
 3009
 2257
 2568
 2399
 2144
 2241
 2501
 2249
 2789
 2105
 408
 3147
 1454
 275
 3088
 37
 306
 147
 2250
 84
 1748
 2116
 2992
 1436
 1565
 1342
 265
 1014
 1252
 1588
 2770
 2390
 880
 2854
 1278
 175
 2377
 927
 1560
 3042
 323
 841
 2072
 2704
 1165
 1402
 2559
 1827
 2796
 632
 2530
 1970
 830
 1497
 1693
 797
 1739
 2124
 3257
 2120
 3212
 2862
 1536
 1146
 76
 1189
 1717
 2734
 342
 2560
 622
 2297
 2225
 1372
 2319
 809
 2507
 1579
 3074
 1826
 2679
 1401
 2979
 2831
 919
 1324
 1337
 212
 3134
 388
 2681
 1738
 2308
 1827
 863
 2529
 1675
 3028
 2187
 1694
 2723
 2083
 1689
 2727
 1070
 1890
 1187
 375
 2640
 176
 1836
 2184
 2423
 2025
 1353
 2670
 2554
 2783
 1926
 1765
 1178
 3169
 2508
 1226
 2332
 308
 2408
 3319
 899
 1281
 2485
 2232
 1084
 2292
 2138
 1972
 2716
 2244
 1635
 1376
 1832
 2249
 3234
 2339
 1874
 3556
 1039
 161
 2835
 1754
 3155
 602
 1799
 2553
 3401
 494
 66
 231
 2127
 2989
 832
 1012
 1504
 733
 1573
 1721
 2359
 2417
 1888
 1404
 3182
 2
 1607
 2529
 1733
 1897
 783
 1850
 495
 634
 2460
 1040
 1927
 3262
 1360
 1639
 887
 1495
 1580
 1127
 2795
 923
 939
 1239
 2212
 1480
 2848
 1198
 2753
 383
 1634
 751
 150
 2854
 2022
 1525
 991
 1960
 2076
 2110
 2833
 3793
 867
 2631
 3470
 2208
 1794
 767
 1581
 925
 1645
 1619
 2144
 296
 3135
 2349
 3012
 80
 1705
 2269
 1226
 1775
 831
 1896
 3272
 228
 1597
 3066
 2980
 822
 1744
 2148
 1930
 208
 831
 622
 2205
 1348
 1157
 1258
 2503
 1581
 2540
 2539
 2042
 2129
 980
 3045
 2937
 2399
 1894
 1040
 1595
 2403
 2948
 3081
 1745
 3008
 2188
 820
 1748
 2332
 830
 2370
 553
 1896
 2015
 1522
 1278
 861
 2820
 2369
 3661
 1480
 360
 2974
 2058
 3370
 470
 1750
 1690
 1216
 2902
 697
 919
 306
 295
 546
 1368
 2328
 905
 1633
 2753
 1879
 2563
 2380
 3091
 1250
 2002
 656
 3174
 1095
 7
 1851
 2825
 1481
 341
 728
 2652
 1902
 1642
 1305
 1873
 3239
 1344
 1944
 958
 1195
 2671
 280
 1171
 2687
 2094
 209
 198
 714
 1225
 2223
 851
 2117
 913
 447
 2347
 1710
 698
 34
 2000
 1247
 2529
 325
 567
 1128
 1845
 686
 2255
 2580
 256
 1183
 2615
 87
 2102
 3061
 2333
 862
 2464
 3548
 3220
 1783
 1741
 1178
 602
 329
 795
 179
 1752
 1900
 2461
 2766
 2064
 171
 2292
 2505
 1569
 661
 3561
 1811
 1052
 2915
 2497
 1364
 203
 897
 1730
 2894
 2126
 558
 2127
 1388
 3208
 2118
 1101
 1865
 2103
 2459
 1857
 1137
 1389
 2655
 2093
 311
 2601
 1893
 2987
 600
 2357
 2498
 1754
 1542
 928
 392
 2627
 1538
 119
 568
 1839
 2320
 2906
 1217
 2705
 1744
 1309
 115
 1378
 2914
 2100
 2282
 2054
 1972
 113
 1094
 408
 260
 2178
 3348
 378
 2676
 1463
 2555
 1347
 1017
 3111
 2566
 2845
 1236
 72
 1480
 1708
 613
 2914
 182
 879
 1844
 1323
 1173
 1418
 1454
 3437
 1688
 1530
 1773
 2936
 1651
 1520
 895
 2033
 1371
 1006
 1656
 140
 1960
 3437
 135
 2404
 2669
 979
 503
 1113
 2840
 1769
 2394
 2566
 403
 2896
 1604
 414
 1691
 1358
 786
 3273
 795
 329
 372
 1837
 223
 2181
 504
 1761
 2324
 1518
 1538
 1297
 941
 926
 2812
 2500
 2437
 2786
 785
 961
 2447
 2591
 353
 1597
 3456
 2831
 3040
 1650
 1260
 2604
 1908
 2107
 306
 1839
 2263
 2503
 2383
 1492
 2697
 3198
 1506
 2475
 2227
 3176
 1026
 548
 1683
 1554
 3325
 1528
 1200
 3317
 814
 2644
 1444
 2379
 642
 2991
 2776
 618
 1403
 2224
 1740
 1487
 2515
 1343
 1028
 1555
 2247
 1684
 3054
 3060
 2694
 3078
 126
 1713
 2258
 1789
 761
 3618
 1615
 2551
 959
 1881
 2755
 1337
 616
 3022
 649
 827
 1426
 1611
 2262
 30
 431
 477
 1931
 438
 1269
 1397
 709
 2272
 1404
 2070
 3223
 1306
 481
 1654
 2918
 2196
 2599
 1308
 1388
 1284
 45
 1117
 2421
 2119
 3182
 2539
 2201
 1968
 2706
 2350
 2832
 2917
 3907
 1261
 533
 2282
 776
 2351
 2232
 2072
 1367
 1832
 1686
 1379
 1856
 1596
 2462
 1506
 3174
 3232
 2553
 1858
 2114
 783
 2109
 1619
 1300
 1505
 2552
 1323
 1949
 2530
 475
 976
 2465
 1797
 3259
 2850
 1792
 1435
 2727
 2464
 383
 50
 2141
 1418
 2456
 2702
 785
 864
 2328
 1749
 496
 1864
 2993
 1148
 1482
 2363
 3059
 1990
 1342
 2061
 2975
 1914
 2261
 3089
 2195
 1333
 93
 212
 2968
 1466
 2866
 2673
 276
 1178
 750
 1228
 975
 2884
 2345
 2190
 1753
 2965
 110
 2677
 684
 801
 2107
 1973
 1548
 337
 2879
 2744
 1308
 954
 2671
 3100
 1234
 1599
 2577
 553
 825
 433
 1564
 2324
 1097
 2146
 1429
 983
 1411
 443
 939
 3509
 3535
 2262
 2759
 1431
 3059
 2425
 2205
 3318
 3384
 1575
 1310
 1782
 1731
 2149
 1302
 1615
 2461
 1232
 2741
 1731
 1294
 3028
 2674
 581
 1864
 1815
 1209
 359
 1389
 993
 1923
 2297
 2131
 1439
 2463
 1329
 1698
 2315
 2615
 1679
 1898
 3266
 812
 2760
 118
 2041
 753
 2689
 707
 2391
 2326
 2450
 2560
 2342
 1356
 2145
 2383
 982
 1842
 708
 3057
 3454
 1958
 1239
 1034
 1731
 3412
 1099
 2597
 2070
 1809
 3608
 1541
 2501
 1647
 3437
 1114
 3133
 1170
 1577
 1452
 1441
 2858
 1356
 193
 1448
 289
 1244
 1636
 704
 2462
 1429
 1748
 601
 2671
 770
 2251
 2083
 1676
 2291
 1772
 2010
 2387
 2236
 2035
 901
 187
 496
 730
 2691
 844
 490
 38
 180
 2495
 690
 1463
 600
 477
 642
 1336
 3205
 2434
 2651
 2036
 1724
 818
 2310
 1747
 364
 2295
 2233
 206
 470
 2683
 28
 2406
 647
 1914
 456
 779
 1968
 52
 1676
 854
 890
 1176
 1565
 2427
 1749
 2904
 2579
 2224
 1259
 1812
 2574
 1884
 388
 2170
 2460
 753
 2378
 2292
 3525
 1200
 2167
 30
 1343
 1070
 1215
 437
 2569
 1128
 724
 2193
 440
 2313
 2578
 958
 2496
 2616
 1540
 1229
 660
 3169
 2775
 2056
 2236
 2535
 389
 1373
 1973
 821
 23
 3083
 2938
 2731
 2162
 2992
 1401
 1648
 2094
 427
 3219
 1092
 2643
 134
 843
 1349
 1066
 2370
 691
 1506
 2986
 1763
 330
 1658
 1315
 2283
 889
 864
 945
 3209
 1784
 2125
 3726
 1567
 2927
 1352
 308
 2181
 2489
 887
 209
 2368
 465
 955
 200
 1828
 1983
 2169
 1875
 1622
 2563
 2819
 1901
 1962
 2640
 3001
 91
 529
 2530
 1845
 1880
 2195
 491
 2308
 2801
 2831
 704
 1702
 927
 857
 2023
 1563
 2328
 1467
 2562
 2983
 500
 607
 2310
 1052
 1773
 854
 2005
 1354
 2338
 1578
 537
 1485
 2395
 2433
 3067
 282
 2710
 2413
 2827
 2084
 426
 2347
 3178
 1697
 2347
 3118
 78
 2449
 1880
 593
 2523
 605
 1620
 1677
 2584
 825
 1806
 2188
 1665
 2913
 2872
 1400
 1758
 492
 52
 1437
 1530
 1790
 1188
 2143
 3156
 1373
 3156
 925
 2168
 1760
 426
 1489
 3703
 12
 475
 2907
 2755
 1335
 112
 2083
 2385
 1990
 3071
 2457
 1961
 101
 3041
 2698
 1561
 1012
 2294
 1712
 1998
 2004
 1896
 1285
 1361
 2433
 1998
 2558
 2826
 712
 2654
 2514
 238
 794
 1467
 1655
 1715
 2446
 2586
 530
 2838
 1445
 3126
 2247
 3336
 2647
 1287
 1305
 2092
 272
 2789
 1530
 1151
 1746
 1131
 1751
 1882
 3290
 1797
 1588
 1086
 3559
 1661
 1828
 391
 2614
 1124
 2071
 1466
 1510
 608
 1443
 785
 1808
 646
 1228
 1293
 1595
 757
 2006
 2176
 2689
 1903
 1680
 1023
 3010
 1222
 2446
 1348
 219
 1001
 1653
 2349
 2478
 2464
 280
 581
 2757
 2736
 761
 2025
 914
 1147
 774
 2304
 2685
 1496
 1226
 1840
 1022
 1512
 2710
 1901
 649
 1964
 124
 902
 1289
 2006
 1851
 2529
 2343
 811
 1046
 2660
 1379
 280
 1955
 794
 738
 178
 2834
 3423
 153
 2758
 2642
 2130
 2880
 823
 2733
 2452
 525
 1068
 1982
 1792
 2306
 766
 25
 815
 1977
 3304
 1271
 111
 286
 2708
 2122
 1725
 1677
 278
 593
 1856
 1963
 516
 2221
 1554
 2514
 2528
 2677
 258
 2892
 2696
 30
 3439
 1239
 1637
 1729
 2701
 2536
 2657
 1448
 1598
 1155
 610
 2963
 2728
 1394
 605
 2914
 173
 1699
 1197
 3
 491
 294
 969
 2208
 2719
 1530
 2195
 2777
 2451
 2174
 2022
 792
 1410
 1714
 2908
 2136
 2298
 94
 1784
 50
 1691
 2112
 2698
 3413
 2645
 1485
 2870
 310
 196
 2644
 3279
 87
 974
 3249
 2854
 344
 397
 2247
 2037
 888
 2982
 3029
 1119
 671
 1418
 506
 2561
 2026
 2093
 2705
 1920
 624
 2329
 3426
 2465
 842
 1063
 250
 2244
 1036
 2012
 2949
 2093
 464
 2763
 1047
 2691
 1633
 2344
 1541
 418
 2885
 759
 1535
 3548
 563
 648
 1760
 1841
 1962
 2099
 864
 799
 788
 1166
 2029
 2658
 2365
 706
 1513
 1465
 1733
 1100
 722
 2730
 2936
 1070
 2089
 2729
 1305
 1157
 1523
 320
 2303
 2374
 2383
 1330
 1529
 2553
 1978
 1605
 145
 482
 1245
 664
 1071
 2708
 732
 2027
 3213
 840
 2009
 1752
 717
 2723
 580
 833
 1627
 2221
 802
 2820
 482
 2305
 640
 1397
 403
 1585
 2680
 2773
 1656
 2298
 2626
 320
 228
 902
 2821
 1320
 3596
 1813
 54
 1710
 1264
 1582
 2654
 3064
 2128
 2790
 3521
 1653
 991
 520
 2939
 91
 2112
 2026
 2848
 2944
 1215
 1014
 2066
 2280
 348
 1692
 2224
 1624
 3233
 1139
 964
 2796
 2408
 13
 2138
 926
 836
 1318
 428
 2582
 1972
 2033
 1421
 1674
 505
 669
 1997
 2842
 1396
 2682
 2587
 2280
 1502
 3122
 2672
 1701
 2018
 312
 2933
 453
 3077
 243
 2448
 222
 2887
 2111
 3360
 68
 1430
 1011
 2515
 3438
 2348
 103
 2392
 2922
 561
 1968
 650
 840
 1404
 812
 2379
 1068
 741
 1803
 1871
 3045
 2877
 3192
 403
 1211
 1679
 729
 683
 798
 1504
 2346
 2204
 1196
 1261
 1047
 244
 1274
 456
 2801
 919
 2428
 3000
 3235
 1420
 3571
 2608
 1441
 223
 1015
 1071
 2018
 1632
 291
 2246
 2282
 523
 1824
 1621
 2080
 1516
 2314
 2857
 82
 3289
 417
 1971
 985
 2390
 2579
 1683
 831
 432
 3112
 2270
 2363
 2394
 358
 3465
 319
 1907
 1303
 2080
 2370
 1394
 2634
 2435
 2668
 1204
 1079
 1938
 587
 2288
 1719
 542
 947
 549
 1985
 2064
 2605
 928
 1944
 2712
 1886
 819
 2234
 2556
 1860
 1344
 1296
 2611
 1670
 610
 2030
 1341
 2012
 1543
 2809
 2156
 686
 1721
 763
 2005
 512
 2179
 1219
 861
 1345
 2584
 315
 3314
 1879
 2826
 1384
 682
 2424
 80
 1088
 2148
 300
 783
 1215
 1585
 38
 3207
 2169
 425
 1604
 1545
 2197
 2258
 1932
 1550
 2585
 3332
 963
 2832
 2403
 1971
 1125
 1457
 1179
 2771
 1230
 2454
 130
 2320
 188
 2398
 68
 371
 695
 1122
 619
 1753
 196
 1163
 500
 3364
 586
 1072
 1465
 276
 1052
 1838
 2015
 913
 1238
 2827
 630
 2318
 1460
 3337
 2019
 1511
 2016
 1187
 828
 3277
 2525
 1749
 2031
 723
 55
 1913
 1883
 2873
 1746
 3070
 2817
 1909
 941
 919
 1592
 1539
 790
 878
 1534
 2007
 1826
 1565
 2694
 2718
 678
 3196
 313
 1228
 1207
 2105
 2091
 1646
 3025
 2327
 3097
 1289
 1039
 1597
 2391
 301
 1344
 93
 2094
 476
 2011
 2310
 476
 2061
 2419
 601
 3458
 3098
 586
 2561
 842
 2678
 737
 2467
 2767
 2274
 629
 1324
 2337
 2613
 1076
 3141
 893
 204
 3326
 1554
 2060
 646
 2370
 2362
 3690
 2781
 1170
 3154
 192
 3350
 818
 805
 2658
 2609
 2141
 2863
 390
 2045
 1410
 148
 34
 1847
 1452
 3121
 458
 2393
 35
 588
 827
 802
 1178
 337
 2264
 967
 698
 2196
 586
 1799
 753
 2122
 93
 1551
 1667
 1171
 2375
 141
 3367
 1465
 2589
 67
 679
 1375
 2035
 3043
 3109
 1742
 1953
 1683
 1967
 2593
 819
 1004
 2086
 2805
 2481
 1725
 652
 195
 1199
 2554
 1903
 438
 806
 1058
 884
 1624
 434
 75
 838
 2699
 836
 2719
 3182
 1405
 1116
 2072
 1068
 2023
 525
 2310
 962
 2871
 2174
 403
 1896
 23
 948
 2754
 372
 1016
 2985
 1011
 1379
 2193
 627
 718
 2458
 2187
 597
 2873
 610
 410
 1684
 3130
 797
 745
 2308
 1224
 3117
 2745
 3297
 1356
 1162
 1054
 893
 970
 3419
 2043
 1072
 1296
 920
 1122
 2059
 251
 1573
 1639
 2236
 43
