0.4614085 0.4634617 0.4615089 0.4638811 0.4617214
0.4627277 0.4631052 0.4631118 0.4621607 0.4635016
0.4628452 0.4614704 0.4606959 0.4619188 0.4632149
0.4654359 0.4639242 0.4614707 0.4626507 0.4611764
0.4615664 0.463793 0.4654516 0.4661997 0.4644908
0.4649237 0.4647295 0.4629707 0.4648828 0.4641113
0.4633899 0.4615713 0.4624977 0.4602742 0.4604453
0.4627757 0.4628161 0.4635593 0.4630472 0.465028
0.4665249 0.4657067 0.4659905 0.4647757 0.4643457
0.4648455 0.4637873 0.4647867 0.4646504 0.466072
0.4659965 0.4676685 0.4666514 0.4667619 0.4666335
0.4667435 0.4687933 0.4706329 0.4692450 0.4680409
0.4676127 0.4685177 0.4667903 0.467384 0.4691220
0.4715449 0.4716355 0.4727622 0.4749612 0.4749612
0.4741384 0.472108 0.4736499 0.4737953 0.4750376
0.4769383 0.4757749 0.4735725 0.4751952 0.4767419
0.4788878 0.4797128 0.4816880 0.4814294 0.481346
0.4810815 0.483544 0.4848036 0.4860566 0.4871178
0.4853665 0.4830508 0.4826029 0.4814669 0.4816204
0.479856 0.4792679 0.4813744 0.4831298 0.4825943
0.4841586 0.4850071 0.4855653 0.4834981 0.4824511
0.4837017 0.4836232 0.4818235 0.4827355 0.4817082
0.483337 0.4812316 0.4788014 0.4790999 0.4773847
0.4758736 0.47461 0.4727583 0.4725934 0.4707027
0.4701834 0.4719783 0.47172 0.4741406 0.4754127
0.4729262 0.4750654 0.4770199 0.4785743 0.4804461
0.480212 0.4803826 0.4813452 0.4815006 0.4799572
0.4809792 0.4798922 0.479537 0.4804602 0.4805929
0.4816531 0.4824062 0.4818995 0.4833112 0.4825265
0.4842455 0.4834719 0.4843995 0.4833012 0.48206
0.4808733 0.478566 0.4797296 0.4819053 0.4795376
0.4795855 0.4798489 0.4787807 0.4804444 0.4804444
0.478398 0.4780617 0.4796957 0.480807 0.480807
0.480807 0.4808613 0.4814026 0.4824249 0.4836779
0.4821569 0.4807917 0.4814514 0.480745 0.4818285
0.4833431 0.4842279 0.4832715 0.485547 0.4877520
0.4870148 0.4870148 0.4861334 0.4886084 0.4907565
0.4921734 0.4921734 0.4907586 0.4896699 0.4915247
0.4893594 0.4908149 0.4905129 0.4905325 0.4895286
0.4901342 0.4916661 0.4926169 0.4904191 0.4883879
0.4883879 0.4886738 0.489755 0.4898669 0.4896573
0.4909173 0.4897347 0.4900794 0.4894603 0.4899136
0.4917059 0.493344 0.4950661 0.4959134 0.4964826
0.4960164 0.495712 0.4933829 0.4951874 0.4966435
0.4956040 0.4979736 0.5003521 0.502471 0.5004527
0.5004527 0.5027776 0.5049913 0.5065894 0.5041857
0.5036575 0.5020629 0.5042494 0.5030419 0.5015539
0.5017099 0.4995326 0.5004649 0.4999973 0.502063
0.5008714 0.5026919 0.5047046 0.5048555 0.506575
0.5055316 0.5062105 0.5079748 0.5089763 0.5111573
0.5099942 0.5088618 0.5105376 0.512518 0.5145761
0.5168206 0.5150331 0.514456 0.5134074 0.5155809
0.5171421 0.5152828 0.5155279 0.517396 0.5164044
0.5139393 0.5153979 0.5167738 0.518102 0.5170036
0.5154732 0.5154732 0.5142135 0.5146513 0.5130296
0.5125993 0.5146721 0.5170565 0.5174934 0.5187512
0.5210869 0.5214136 0.5209426 0.520984 0.5214006
0.5225195 0.5214888 0.5210531 0.5210531 0.5213072
0.5216383 0.522735 0.5244209 0.5256543 0.5262034
0.5280262 0.5255626 0.5237788 0.5257586 0.5271334
0.5278959 0.5293636 0.527172 0.5279861 0.5286896
0.5295438 0.5311602 0.5335142 0.5355701 0.5355701
0.5379176 0.5378617 0.5355467 0.5375558 0.5389735
0.5365 0.5369607 0.5383412 0.5374421 0.5374421
0.5370272 0.5379956 0.5369755 0.5362419 0.5378018
0.5402812 0.5419805 0.5425517 0.5413967 0.5434449
0.5410958 0.5394157 0.540398 0.5397439 0.5419178
0.540655 0.5389658 0.5379311 0.5372496 0.5382832
0.5372849 0.5393903 0.5397865 0.5389939 0.5379023
0.540016 0.5389071 0.5394639 0.5383285 0.540058
0.5395606 0.5418102 0.5422545 0.5412176 0.5411965
0.5432556 0.5423714 0.5433196 0.5441233 0.5444447
0.5425557 0.5446942 0.5451573 0.5445562 0.5462701
0.5477881 0.5494702 0.5498861 0.5498861 0.5516161
0.5511197 0.5528931 0.5515248 0.5506948 0.5530997
0.5531837 0.5534023 0.551604 0.5507749 0.5523736
0.5523736 0.5515543 0.5537984 0.5532944 0.5550179
0.555704 0.5560656 0.5566471 0.5581018 0.5558938
0.5558374 0.5563751 0.5574451 0.5587805 0.5602381
0.5593023 0.5572169 0.5585876 0.5567594 0.558811
0.5584019 0.5576306 0.5569781 0.5564094 0.5555901
0.5577086 0.5568925 0.5548575 0.5530433 0.5507351
0.5506389 0.5507055 0.5525632 0.5542756 0.5565736
0.5565736 0.5590085 0.5598424 0.5619657 0.5616783
0.5628933 0.565148 0.5654142 0.5673347 0.5680836
0.5673554 0.5658881 0.5653609 0.5664302 0.5678609
0.5674871 0.5658506 0.567875 0.567875 0.5681398
0.5681986 0.5681383 0.5673502 0.5670811 0.5679291
0.5671204 0.5653492 0.5672292 0.5680513 0.5673484
0.5692805 0.567855 0.5669535 0.5677448 0.5690284
0.5672199 0.5689664 0.5706053 0.5702445 0.5725913
0.5713705 0.5734034 0.5714081 0.5714081 0.5729413
0.5732396 0.5712703 0.5727111 0.5747416 0.5747416
0.5770099 0.5792885 0.5800951 0.5800439 0.5777942
0.5787941 0.5803466 0.58126 0.5820588 0.5836249
0.5851064 0.5846965 0.5861267 0.5857288 0.5878941
0.5872197 0.5891332 0.5896194 0.5893189 0.5909726
0.5909726 0.5910215 0.5932572 0.593882 0.5949087
0.5970967 0.5964766 0.5962683 0.5955176 0.5960602
0.596796 0.5966556 0.5961632 0.5976339 0.5997194
0.5986992 0.6008149 0.6013121 0.6010007 0.6021255
0.6016984 0.6004951 0.6001993 0.6023538 0.6002485
0.6006155 0.6017438 0.6005465 0.5988657 0.5996106
0.600039 0.5994662 0.5985404 0.600826 0.5995849
0.5973015 0.599213 0.600075 0.5985655 0.5964396
0.5963651 0.5956196 0.5933281 0.5920527 0.5932237
0.5926016 0.5942707 0.5932719 0.5944449 0.5954633
0.5945688 0.5966189 0.5987223 0.5981371 0.5974627
0.5980014 0.5956014 0.594416 0.5943991 0.5932758
0.5923075 0.5908497 0.591532 0.5919575 0.5901379
0.5920495 0.5904228 0.5890004 0.5882811 0.5880549
0.5877794 0.5880158 0.5903801 0.589555 0.589247
0.5908301 0.5901684 0.5889392 0.5876638 0.5869995
0.5885472 0.5888038 0.5881741 0.5890553 0.5912092
0.5924285 0.591399 0.5891069 0.5871986 0.5878453
0.5878382 0.5863876 0.5878528 0.5878528 0.5861516
0.5864136 0.5865162 0.5881778 0.5874538 0.5862295
0.5856307 0.5871414 0.5872283 0.5871867 0.5865046
0.5855125 0.5866126 0.5863324 0.585855 0.5848495
0.5869374 0.5881578 0.5875988 0.5852675 0.5852536
0.5847858 0.5868759 0.5891766 0.5879465 0.5887547
0.5890528 0.5897359 0.590256 0.5911516 0.5933913
0.5930136 0.5909854 0.592563 0.5902129 0.59149
0.59149 0.5900061 0.5900397 0.5885066 0.5904401
0.5912245 0.5902406 0.5882658 0.5864813 0.584307
0.5821301 0.5808274 0.580686 0.5793369 0.5781042
0.5779506 0.5775911 0.5768661 0.5764236 0.5748602
0.575482 0.5759747 0.5783547 0.5781774 0.5805043
0.5820746 0.5825414 0.5831348 0.5836454 0.5821232
0.5811624 0.5797955 0.5784708 0.5762519 0.576307
0.5760762 0.5785058 0.580278 0.581468 0.581468
0.580479 0.581798 0.5836152 0.5836152 0.5851619
0.5858511 0.5840991 0.5859766 0.5863289 0.5863289
0.5879879 0.5869588 0.5889148 0.589171 0.5873103
0.5873955 0.5862159 0.586522 0.5841675 0.5842093
0.5852548 0.585229 0.5861625 0.5870925 0.5870569
0.5867101 0.5844345 0.5854386 0.5870091 0.5885722
0.5875502 0.589759 0.5920725 0.5929325 0.5917816
0.5917657 0.5897637 0.5887189 0.5887189 0.5868284
0.5878663 0.5877661 0.5857436 0.5850659 0.5837901
0.5859743 0.5843122 0.5823057 0.5799575 0.5808063
0.5818438 0.5795863 0.5812315 0.5811616 0.5820659
0.5802823 0.5789143 0.5769056 0.5768511 0.5779946
0.579789 0.5818914 0.5808955 0.5828678 0.5836783
0.5843739 0.5819946 0.5813616 0.5790015 0.5814078
0.5790465 0.5799442 0.5791277 0.5806301 0.580322
0.5813802 0.5825837 0.5815977 0.5823204 0.5838273
0.5841457 0.5860406 0.5842902 0.5859658 0.5878311
0.5859737 0.5872511 0.5890114 0.590286 0.5926544
0.5916638 0.5894463 0.5910038 0.5930779 0.5913763
0.5907284 0.5904186 0.5896115 0.5917291 0.5930347
0.5929641 0.5917027 0.5917027 0.59313 0.5946051
0.5962918 0.5944077 0.5964786 0.594437 0.594437
0.5954272 0.5976993 0.5983215 0.5974908 0.5967431
0.5979569 0.598478 0.5987451 0.6010742 0.6029258
0.6005672 0.6028164 0.6028624 0.602039 0.6004436
0.6014777 0.5990837 0.5982638 0.5974879 0.5965456
0.5955932 0.597916 0.5992253 0.6008932 0.5996999
0.5996999 0.6001614 0.6015309 0.6037197 0.6052781
0.6069911 0.6088958 0.6072685 0.6077817 0.6082515
0.6074118 0.6072165 0.606926 0.6067265 0.6056135
0.6063785 0.6060277 0.6083637 0.6083637 0.608439
0.6100843 0.6115401 0.6105013 0.6117243 0.610829
0.6127891 0.6141363 0.6128414 0.6105424 0.6111133
0.6092287 0.6075005 0.607097 0.6071698 0.6051113
0.6072313 0.6068455 0.605546 0.6044776 0.6059165
0.6076754 0.605388 0.6055961 0.606266 0.6062876
0.6064778 0.6044974 0.6056242 0.607144 0.6069346
0.6056396 0.6073421 0.6065138 0.60527 0.6076561
0.6074173 0.6089259 0.6102456 0.6114033 0.6112992
0.6090598 0.6067879 0.6086329 0.6078465 0.6092153
0.6085658 0.6070583 0.6081577 0.6087482 0.6082743
0.6069645 0.6076211 0.6065083 0.6070168 0.6080435
0.6082256 0.6093759 0.6077099 0.6070271 0.6070359
0.6056349 0.6035095 0.6056986 0.6076659 0.6084084
0.6090109 0.6085999 0.6067603 0.6053833 0.6069901
0.6068331 0.6078655 0.6100147 0.6081398 0.6075771
0.6064026 0.6055022 0.603686 0.6053726 0.6069987
0.6051435 0.6037134 0.6028671 0.6011025 0.5995625
0.6006314 0.598304 0.5984275 0.5994347 0.600151
0.5997631 0.5993106 0.5980895 0.5963054 0.596528
0.5971534 0.5970495 0.5980418 0.5968049 0.5961068
0.5952964 0.5934585 0.5928528 0.5952252 0.596868
0.5956155 0.5954334 0.5933287 0.5955922 0.5958499
0.5949423 0.5943703 0.5956721 0.5969835 0.596081
0.5980781 0.5978789 0.5971052 0.598557 0.5977758
0.5978638 0.5981281 0.5981281 0.5997862 0.5995239
0.5994953 0.5997072 0.6001702 0.6021556 0.603578
0.6032741 0.6055058 0.6062864 0.6073551 0.6052836
0.6043831 0.6051581 0.6073247 0.6055437 0.603742
0.6017259 0.6019944 0.6027829 0.6038654 0.602808
0.602808 0.6049376 0.6070357 0.6083581 0.6093563
0.6107616 0.6107033 0.611959 0.6118663 0.6128999
0.6128999 0.6110338 0.6097568 0.6119366 0.6120127
0.6132848 0.6153777 0.614494 0.6139892 0.6127106
0.6149462 0.6154817 0.6176537 0.6182256 0.619105
0.618983 0.6190645 0.6176706 0.6165166 0.6155034
0.6139187 0.612931 0.612388 0.612682 0.6120918
0.611282 0.6124227 0.61033 0.6087038 0.6080409
0.6075279 0.6059989 0.6038812 0.6047876 0.6070086
0.604667 0.6023962 0.6025621 0.6039824 0.6021893
0.6020694 0.60061 0.6029968 0.6028264 0.6040386
0.605719 0.6062944 0.6083012 0.6080343 0.6090925
0.610604 0.6128556 0.6128603 0.6148459 0.6148487
0.6148032 0.6148032 0.6136863 0.6140231 0.6148148
0.615284 0.6153133 0.6145893 0.6157069 0.613511
0.6139828 0.6147528 0.6162025 0.6147072 0.612499
0.6112704 0.609409 0.6094713 0.6117721 0.613643
0.6144068 0.6157093 0.617731 0.6175092 0.6164034
0.6142216 0.6133212 0.6121976 0.6141357 0.6135573
0.6150487 0.6142755 0.6127242 0.6130557 0.6136766
0.6132058 0.6137085 0.6143655 0.6125144 0.6148654
0.6170354 0.6151528 0.6141296 0.6141178 0.6140424
0.6150562 0.6150562 0.6130589 0.6153281 0.6132471
0.6140857 0.6152557 0.615395 0.6150299 0.6168631
0.6171498 0.6171556 0.6187026 0.6182054 0.6186621
0.6164298 0.6167705 0.6191035 0.6183599 0.618443
0.6200634 0.6201577 0.6178503 0.6180279 0.618877
0.6170238 0.6184443 0.6173956 0.6167024 0.6170893
0.6164066 0.6165946 0.6183376 0.6175178 0.618542
0.6167244 0.6181534 0.6183803 0.6206365 0.6189773
0.6212976 0.6197102 0.6184552 0.6191678 0.6178723
0.617073 0.6153963 0.6173588 0.619456 0.6180318
0.6162029 0.6161447 0.615151 0.6163514 0.6175641
0.616488 0.6179791 0.619691 0.6194854 0.6205715
0.621026 0.6202116 0.618597 0.6164327 0.6184364
0.6194311 0.620336 0.6207058 0.6188585 0.6199977
0.6199215 0.619504 0.6174321 0.615337 0.6153848
0.6150166 0.6173547 0.6182538 0.6164435 0.614807
0.615212 0.6129734 0.6141258 0.6127692 0.6115585
0.6134801 0.6141599 0.6141782 0.6141782 0.612104
0.6130249 0.6109259 0.6120109 0.6122011 0.6132528
0.6119516 0.6097744 0.6091655 0.6074178 0.6050622
0.6029562 0.6035743 0.6056285 0.606344 0.606344
0.6050573 0.60423 0.6039895 0.6055962 0.6072057
0.6063314 0.6049646 0.6048373 0.6034555 0.6033261
0.6035778 0.6054861 0.607673 0.6079283 0.6065824
0.606815 0.6075551 0.6081808 0.6091351 0.6093542
0.6110064 0.6120274 0.610985 0.6088186 0.6103271
0.6106914 0.6117004 0.6119966 0.6104499 0.6082443
0.6059505 0.6058767 0.6039521 0.6026072 0.6039029
0.6044858 0.6049132 0.6042155 0.6019308 0.6013865
0.6012816 0.6001143 0.5995269 0.5985302 0.5962357
0.5955191 0.5965575 0.5968404 0.5982925 0.5969824
0.5986277 0.5991074 0.600325 0.598008 0.5958683
0.5936074 0.5920999 0.5944843 0.595705 0.5976482
0.5994086 0.5971949 0.5970589 0.5987782 0.5975812
0.5980063 0.6000511 0.5996969 0.5996381 0.6008434
0.6014285 0.600359 0.6014172 0.6018732 0.602296
0.6029555 0.6026607 0.6040225 0.6056043 0.6061267
0.6079874 0.6061679 0.6060487 0.6083112 0.609746
0.6085158 0.6093463 0.6093474 0.6097047 0.6076642
0.6063043 0.6052521 0.606211 0.6074362 0.6063065
0.6063065 0.6063107 0.6044058 0.602506 0.6024326
0.6005811 0.5983393 0.5976175 0.5974938 0.5974318
0.5951472 0.5929944 0.5931246 0.5938393 0.5915673
0.5894184 0.5891713 0.5869259 0.585488 0.5859378
0.5878988 0.5878988 0.5861772 0.58793 0.5875915
0.5875003 0.5856197 0.5872672 0.5864701 0.5864572
0.5853042 0.584361 0.5836546 0.5825541 0.5830641
0.5843765 0.5836123 0.5845255 0.5855275 0.5839433
0.5846999 0.5826658 0.5834127 0.5855458 0.5879175
0.5877919 0.5871014 0.5893442 0.5896352 0.5909047
0.5897286 0.5896303 0.5896303 0.5899631 0.5920166
0.5899514 0.5902346 0.5922509 0.5941181 0.5925083
0.5930261 0.5946421 0.5952529 0.5961331 0.5980327
0.5956474 0.5968283 0.5980403 0.595817 0.5977321
0.5985019 0.5998886 0.6014294 0.601347 0.5992717
0.600114 0.6007839 0.6028933 0.6028933 0.6010131
0.602347 0.6016297 0.6015552 0.6031877 0.6050649
0.6027847 0.6044955 0.6053949 0.6041999 0.6024502
0.6043222 0.6053308 0.603822 0.6047842 0.6035099
0.6049035 0.6030879 0.6038622 0.6018164 0.6009725
0.6003786 0.6001797 0.6021814 0.6014564 0.602999
0.601615 0.59963 0.6019446 0.6032336 0.6022105
0.6039403 0.6046243 0.6059933 0.6047992 0.6065019
0.6051526 0.6047908 0.6057535 0.6076604 0.6094459
0.60935 0.6075196 0.6090734 0.6072196 0.606886
0.6084783 0.6098914 0.608602 0.6087808 0.6070422
0.6070422 0.6085 0.6088464 0.60947 0.6082834
0.6082858 0.6072555 0.6068705 0.6046509 0.6040094
0.6032613 0.6054288 0.6047871 0.6046622 0.6030717
0.6053672 0.6064912 0.6064912 0.6064912 0.6070362
0.6062134 0.6078684 0.610143 0.6092563 0.6079776
0.6062266 0.6080242 0.6061373 0.6044225 0.6058764
0.6064867 0.6048266 0.6030697 0.6022897 0.6020005
0.6034123 0.6017312 0.6015514 0.6015615 0.600223
0.600621 0.6020932 0.6039375 0.6039375 0.6048606
0.6029571 0.6039255 0.6058703 0.6075632 0.6069718
0.6082017 0.6058558 0.6074646 0.6097772 0.6121525
0.6139994 0.6128245 0.6107274 0.6119254 0.612041
0.610001 0.6111847 0.611979 0.6121555 0.6132564
0.6145993 0.6128969 0.6123493 0.6140002 0.6153441
0.6146914 0.6151498 0.6170271 0.6192798 0.6198904
0.6177088 0.6186965 0.6204442 0.6225896 0.6243833
0.6230723 0.6211565 0.6201013 0.6190259 0.6173999
0.6178439 0.6178439 0.6198028 0.6190936 0.62017
0.6212562 0.6218113 0.6218113 0.6198705 0.6180457
0.6164866 0.6143549 0.6152478 0.613282 0.6149652
0.6143592 0.6126575 0.6145754 0.6157732 0.6171424
0.6169845 0.618588 0.6204049 0.6223674 0.6208567
0.6191371 0.6168687 0.6158321 0.6157614 0.6156527
0.613423 0.6156473 0.6135383 0.615285 0.6136826
0.6115888 0.613712 0.6150619 0.6158681 0.6143648
0.613882 0.6135377 0.612275 0.6131278 0.6147137
0.6159271 0.6141765 0.6127402 0.6105639 0.6089977
0.6089977 0.6077811 0.6056058 0.6079806 0.606441
0.6057133 0.6080768 0.6091435 0.6112284 0.6097326
0.6076711 0.6096795 0.6108636 0.6101517 0.6086253
0.6091731 0.608883 0.6104674 0.6124526 0.6110048
0.6118132 0.6128067 0.6149192 0.6129095 0.6149224
0.6131115 0.610886 0.6130698 0.6130028 0.611464
0.609361 0.6094263 0.6078285 0.609055 0.6069327
0.6058777 0.6037309 0.6053096 0.6034472 0.6055311
0.6044986 0.6046987 0.6039016 0.6019767 0.6000735
0.5984961 0.5984684 0.5969248 0.5960817 0.5956942
0.5980169 0.5993015 0.5979224 0.5958398 0.5950424
0.597216 0.5968388 0.5973445 0.5952812 0.5942276
0.5949738 0.5943557 0.5957558 0.5958453 0.5945788
0.594579 0.5963563 0.5962492 0.5940546 0.5929445
0.592736 0.591034 0.5893472 0.5881377 0.5869277
0.5873774 0.5868463 0.5877237 0.5884358 0.5877311
0.5877311 0.5894655 0.5882514 0.5886799 0.5882754
0.5873861 0.585025 0.5870025 0.5847355 0.5856859
0.5847932 0.5828628 0.5845602 0.583521 0.5832278
0.5836582 0.5834224 0.5811805 0.5835146 0.5833593
0.5815806 0.5821893 0.5798863 0.5789062 0.5802852
0.5823274 0.5844001 0.585826 0.5872381 0.5862636
0.5851962 0.5873134 0.5850307 0.5839071 0.5815831
0.57944 0.5793788 0.5808143 0.5808143 0.5796734
0.5773579 0.5771252 0.5785727 0.5783822 0.5784246
0.5795273 0.5773108 0.5760382 0.5782487 0.5761871
0.577058 0.578206 0.5758431 0.5758431 0.5758431
0.5761552 0.5761533 0.577278 0.5770492 0.5761874
0.5761874 0.5743845 0.5764579 0.578549 0.5785477
0.5774595 0.5752554 0.5774541 0.5796864 0.5782722
0.5783602 0.5782798 0.5760917 0.578264 0.5792828
0.5816257 0.5817231 0.5831464 0.5820608 0.5816518
0.5819879 0.5800469 0.5821322 0.5800823 0.5821238
0.5814383 0.580873 0.5784652 0.5791976 0.5791976
0.5776691 0.5798825 0.5802149 0.5807787 0.5807787
0.5785036 0.578535 0.5785217 0.5781867 0.5763812
0.5758757 0.5751163 0.5747037 0.5761553 0.5770614
0.5783909 0.5764034 0.5781134 0.5787125 0.5795214
0.5776964 0.5784619 0.5767904 0.5770212 0.5750547
0.5771627 0.5779207 0.576988 0.5746994 0.573329
0.572296 0.5736255 0.5713609 0.5711627 0.573563
0.5751471 0.574356 0.5739308 0.5739722 0.574416
0.5723598 0.5719593 0.5720195 0.5697276 0.5683672
0.5665053 0.5653487 0.5644017 0.5619624 0.5604085
0.5619277 0.5643203 0.563306 0.5634316 0.5611201
0.5587268 0.5608088 0.5600625 0.5585426 0.5561156
0.5582246 0.5597687 0.5576381 0.5576863 0.5566664
0.5549707 0.5572808 0.5587215 0.5604196 0.5624293
0.5630844 0.5629677 0.5645758 0.5632602 0.5644444
0.5622824 0.5599728 0.5610661 0.5592475 0.5607117
0.5612805 0.5636872 0.5654765 0.5644576 0.5654618
0.5645914 0.566451 0.5675564 0.5677342 0.567238
0.5687746 0.5678167 0.568192 0.568192 0.5661572
0.5682547 0.568729 0.5665187 0.5660331 0.564639
0.5663013 0.5684352 0.5672692 0.5666119 0.5687938
0.5675483 0.5664936 0.566758 0.5689337 0.5701364
0.5685999 0.566984 0.5680805 0.5684822 0.5691777
0.5671061 0.5653715 0.5657518 0.5654924 0.5664524
0.567499 0.5657352 0.5676582 0.5698981 0.5713222
0.5690811 0.5692532 0.5698286 0.5713722 0.571755
0.5726642 0.5720348 0.5724403 0.574734 0.5738296
0.57538 0.5770982 0.578176 0.5757403 0.5757403
0.577677 0.5796754 0.5802791 0.578781 0.5769339
0.5771044 0.5794912 0.5775219 0.5769868 0.5758398
0.5776429 0.5766035 0.5752065 0.5728302 0.5748539
0.5738546 0.5734882 0.5721201 0.5726684 0.5738665
0.5720425 0.5743686 0.5738459 0.57627 0.5774115
0.5796812 0.5798884 0.5813004 0.5834195 0.5839912
0.5829028 0.5829353 0.5826973 0.5803968 0.5781938
0.5792247 0.5796017 0.5803204 0.5794547 0.578304
0.5800718 0.5790437 0.5793581 0.5813316 0.5825658
0.581994 0.5844082 0.5851101 0.5851149 0.5834302
0.5810524 0.5800445 0.5796837 0.581445 0.5809576
0.578823 0.5804183 0.5806991 0.5792588 0.58109
0.5824806 0.5839602 0.5849228 0.5831719 0.5838079
0.5817796 0.5810295 0.5804949 0.5796192 0.5802182
0.5790855 0.5814947 0.5835428 0.5831387 0.5837755
0.5830331 0.584444 0.5836551 0.581526 0.5810529
0.5786987 0.5784372 0.5760565 0.5760565 0.5779299
0.5800664 0.5799848 0.5796 0.5818705 0.5826487
0.58488 0.5842797 0.5852924 0.5855787 0.5855909
0.5855909 0.5840558 0.5823324 0.5839122 0.5857405
0.5853454 0.5838285 0.5862544 0.5877189 0.5886373
0.5873703 0.5892968 0.5900636 0.5922729 0.5908486
0.5924511 0.5910607 0.5907967 0.5907083 0.5907083
0.590578 0.5881911 0.5886401 0.5869466 0.5893276
0.5889305 0.5900887 0.5894307 0.5875216 0.5887242
0.5904151 0.58915 0.586786 0.5844547 0.5832882
0.5830433 0.5835962 0.5852752 0.5833865 0.5834521
0.5845463 0.582505 0.5805962 0.5804991 0.5808798
0.5800917 0.577914 0.5787534 0.5776737 0.577048
0.5790804 0.5806707 0.5816533 0.5836707 0.5822741
0.5812714 0.5832493 0.5825907 0.5832468 0.5810344
0.5831583 0.5828926 0.5849114 0.5844443 0.583368
0.5811773 0.5817207 0.5838592 0.5829172 0.5810156
0.579012 0.5775662 0.5786695 0.5769726 0.5792225
0.5784033 0.5800362 0.580742 0.5792656 0.5797551
0.5797551 0.577458 0.579664 0.5799203 0.5780727
0.5804207 0.581774 0.5826823 0.5818908 0.5796873
0.5784828 0.5777019 0.5791537 0.5794046 0.5779848
0.5786875 0.5789938 0.580381 0.5824968 0.5843958
0.5831725 0.5849494 0.5840509 0.5820561 0.5825768
0.5809509 0.5796264 0.578017 0.5799962 0.5814675
0.5796709 0.5774817 0.5773972 0.5755166 0.5748208
0.574909 0.5737709 0.5737037 0.5752136 0.5731926
0.5725955 0.573948 0.5739744 0.5761261 0.573889
0.5745318 0.5738138 0.574607 0.5766092 0.5773548
0.5759174 0.5770326 0.5746757 0.5769642 0.575337
0.5764384 0.574502 0.5721769 0.5731447 0.5730056
0.5747316 0.5758832 0.5766276 0.577281 0.5767963
0.5767963 0.576823 0.577906 0.5796088 0.5794363
0.581099 0.5792848 0.5784661 0.5788544 0.577634
0.5768027 0.577209 0.5786114 0.5803392 0.5798391
0.5791235 0.5810154 0.5834045 0.5834108 0.5818102
0.5818874 0.5801836 0.5802152 0.5794505 0.5791384
0.58133 0.5808764 0.5832467 0.5820443 0.580514
0.581163 0.5835836 0.5848638 0.5843729 0.5847267
0.5828602 0.5844111 0.5860467 0.586559 0.5860214
0.5874421 0.5875693 0.5877685 0.5856665 0.5844887
0.5850265 0.58578 0.5853559 0.5849248 0.585999
0.5846819 0.5826251 0.5843046 0.585694 0.5856951
0.5859207 0.5843168 0.5859789 0.5873239 0.5871879
0.5869988 0.5867743 0.5864037 0.5877669 0.5854
0.5841324 0.5839537 0.5819201 0.5816349 0.5838519
0.5853969 0.585646 0.5846107 0.5840679 0.5855166
0.5861532 0.5845784 0.586789 0.5872647 0.5876077
0.5890803 0.5881389 0.5897302 0.5912532 0.5896372
0.5912573 0.5933042 0.5911708 0.593379 0.5924109
0.5914469 0.5935919 0.5930156 0.5948882 0.5946332
0.5951972 0.5938039 0.5940666 0.5917128 0.5938215
0.5957216 0.5966774 0.5950181 0.5958073 0.596191
0.5974408 0.5989174 0.6012967 0.601608 0.599655
0.5980722 0.5962534 0.5966658 0.5949019 0.596788
0.5966009 0.597286 0.5962354 0.5972254 0.598222
0.5998681 0.6003922 0.598473 0.5971833 0.5992324
0.5984474 0.5965191 0.5952542 0.5952026 0.5973518
0.596351 0.5951741 0.5960791 0.5971517 0.5960585
0.597909 0.5997955 0.599012 0.5977942 0.5987005
0.5984003 0.5975635 0.5987703 0.6009564 0.5998555
0.6007722 0.6014713 0.6007987 0.6004496 0.6013177
0.5996554 0.600725 0.6028331 0.6008436 0.6001993
0.60123 0.6013266 0.60194 0.6009608 0.599213
0.5998508 0.5985823 0.5965434 0.5988786 0.5977787
0.5991174 0.5986434 0.5966195 0.5947155 0.5932537
0.5910733 0.5931708 0.5946554 0.5964602 0.5974338
0.5997404 0.5975988 0.5967117 0.5944654 0.5961615
0.5958758 0.5936278 0.5926065 0.5940088 0.5938084
0.5941736 0.591787 0.5913609 0.5906993 0.5913191
0.5905197 0.5896037 0.5892515 0.5876088 0.5870889
0.587784 0.5857101 0.5845194 0.5833168 0.5813066
0.5805204 0.5805204 0.5814743 0.5814743 0.5800213
0.581976 0.5809979 0.5832142 0.5829571 0.5852221
0.5859564 0.5843796 0.582021 0.581302 0.5807539
0.5827174 0.5829504 0.5839433 0.5839134 0.5818155
0.584214 0.585426 0.5854117 0.5878044 0.589098
0.5870915 0.5880393 0.587888 0.586746 0.5844758
0.583604 0.5853578 0.5833206 0.5822538 0.5810412
0.5810412 0.5795372 0.5777599 0.5782641 0.5759229
0.5781641 0.5789498 0.5779108 0.5798548 0.581775
0.5814048 0.5821695 0.5810319 0.5810145 0.5826559
0.5818766 0.5803684 0.5818694 0.5831233 0.5828473
0.585197 0.5874703 0.5893983 0.5904023 0.5899096
0.5900624 0.5912784 0.5918281 0.5912305 0.5928072
0.5943514 0.594409 0.595143 0.5955955 0.5956771
0.5934098 0.5944361 0.5940463 0.5955831 0.5973779
0.596911 0.5984295 0.5986753 0.5981861 0.5982115
0.5962345 0.5953154 0.5975083 0.5989067 0.5989576
0.5972946 0.5968923 0.5969786 0.5950567 0.5939109
0.5921514 0.590577 0.5895314 0.5877418 0.5886525
0.5876102 0.5853022 0.5856889 0.5872812 0.5887685
0.5878845 0.5862739 0.587145 0.587145 0.5860067
0.5872715 0.5886254 0.5895603 0.5906612 0.5892433
0.5878344 0.5887787 0.5878916 0.5869214 0.588745
0.5883028 0.5892849 0.5876162 0.5862806 0.5880596
0.5875375 0.5886026 0.5862975 0.5865619 0.5865619
0.5888662 0.5867371 0.5853524 0.5859987 0.5845785
0.5845785 0.5832924 0.5854357 0.587222 0.588906
0.5911797 0.5897674 0.5889843 0.5901768 0.5915347
0.5929573 0.5951653 0.595045 0.5950951 0.5958506
0.5971391 0.5984342 0.5982757 0.5977853 0.5973679
0.5968235 0.5972695 0.5983957 0.5959954 0.5966732
0.5950927 0.5949146 0.5929598 0.5928542 0.5937553
0.5958143 0.595691 0.5942872 0.5939592 0.5942775
0.5954572 0.5934174 0.5915775 0.5922736 0.5903139
0.5885031 0.586836 0.586857 0.5887035 0.5889991
0.5914102 0.5907726 0.5910376 0.5903919 0.592272
0.5909168 0.5909393 0.5918437 0.5910017 0.5904304
0.5895923 0.5897453 0.587347 0.5850396 0.5827375
0.5835709 0.5817489 0.5797005 0.5810968 0.5793927
0.5799889 0.5812781 0.582285 0.5802051 0.5825393
0.5844179 0.5854134 0.5875376 0.5853658 0.5855339
0.5865465 0.5862522 0.5840681 0.5816676 0.5821283
0.5804802 0.5784636 0.5785579 0.5798461 0.5818563
0.5819676 0.580915 0.5805703 0.5820054 0.5833223
0.582563 0.5806598 0.5813456 0.5791066 0.5798431
0.5785327 0.5785327 0.5800967 0.5800862 0.5796717
0.5799747 0.5821511 0.5809314 0.5792911 0.579519
0.5773834 0.578636 0.5798605 0.5795344 0.5797322
0.579781 0.5779778 0.5800019 0.5798996 0.5821893
0.5799648 0.5807489 0.582899 0.5840727 0.5831268
0.5814761 0.5828955 0.5845751 0.5835342 0.5829986
0.5827692 0.5824564 0.5827277 0.5811874 0.5791113
0.5805374 0.5787289 0.5774123 0.5792042 0.5792042
0.5772075 0.5767706 0.5770568 0.5772026 0.5771525
0.5794154 0.5771352 0.5771652 0.5771652 0.5769442
0.5767976 0.5781448 0.5762572 0.5762572 0.5769402
0.5774221 0.576894 0.579188 0.5812157 0.5818846
0.5836674 0.5813096 0.5797387 0.5814166 0.5835425
0.5812484 0.5801596 0.5788725 0.5804866 0.5791385
0.580797 0.5786082 0.5784574 0.5797814 0.5779605
0.5783393 0.5761831 0.5769073 0.5745176 0.5761829
0.5769074 0.5767558 0.5778237 0.5800448 0.5821875
0.5831999 0.5834522 0.5844364 0.58491 0.5859955
0.58777 0.5874898 0.587159 0.5884955 0.5902455
0.5893224 0.589391 0.5917304 0.5901421 0.5901421
0.5892036 0.5887547 0.5909078 0.5917859 0.5936526
0.5917906 0.5918252 0.591415 0.5914435 0.5892262
0.5883537 0.5897071 0.5895144 0.5877439 0.5877439
0.5893705 0.5884808 0.5873874 0.5895314 0.5897945
0.5904239 0.5882876 0.5864842 0.5848387 0.5871089
0.5892961 0.5911152 0.5931563 0.5940657 0.5958756
0.5958756 0.5960935 0.5959438 0.593647 0.5914095
0.5895015 0.5884772 0.5898327 0.5893363 0.5909802
0.5906068 0.5899165 0.5916682 0.5914387 0.5911314
0.588957 0.5874138 0.5861779 0.5881595 0.5878693
0.5871721 0.5860866 0.5871205 0.5853482 0.5837668
0.5847764 0.5844207 0.5852629 0.5852064 0.5866148
0.5882905 0.5882657 0.5861544 0.5844215 0.5865616
0.5887003 0.5868926 0.5855306 0.58575 0.5857387
0.5879742 0.5895772 0.5882197 0.5879018 0.5861356
0.587364 0.5887208 0.5867208 0.5885245 0.5873002
0.5873002 0.5891498 0.5889231 0.5887053 0.5907405
0.5886617 0.5863798 0.5876688 0.5882458 0.5883551
0.5902048 0.5905156 0.5923644 0.592349 0.5904071
0.5895123 0.5895123 0.5889109 0.5884118 0.587181
0.5866763 0.5862283 0.5874185 0.5892776 0.5910317
0.5902268 0.5908034 0.5902714 0.5887868 0.5890106
0.5912401 0.5909047 0.5906127 0.589968 0.5907314
0.592409 0.5909644 0.5911433 0.593454 0.5923639
0.59285 0.5938622 0.596193 0.5948717 0.5961166
0.5960085 0.5970263 0.5947696 0.5964169 0.5970546
0.596007 0.5968747 0.5952523 0.593384 0.5942743
0.595936 0.5981294 0.5960163 0.5982512 0.600083
0.6021994 0.6020791 0.6020791 0.6026871 0.6023993
0.6004609 0.6021825 0.6007688 0.6008158 0.6018643
0.6007779 0.6000241 0.5981557 0.5965192 0.5953919
0.5951685 0.5931364 0.5932328 0.5932821 0.5938481
0.5950961 0.5933316 0.593148 0.5941434 0.5941051
0.5964075 0.5966586 0.594312 0.5930136 0.593632
0.593111 0.592388 0.5926205 0.5932695 0.5917326
0.5932436 0.5933943 0.5924009 0.5909158 0.5908506
0.5896288 0.5889043 0.5886722 0.5887304 0.5884718
0.5891949 0.590103 0.5911399 0.5898892 0.5898892
0.5884951 0.5899472 0.5898595 0.5880797 0.5865089
0.5865089 0.5877475 0.5881978 0.5867433 0.585418
0.5874373 0.5867197 0.5853628 0.5854756 0.5840444
0.5833583 0.581463 0.5831811 0.5821178 0.5828869
0.5834135 0.5837764 0.584247 0.5832971 0.582782
0.5845041 0.5842428 0.5852345 0.5871431 0.5878345
0.5889745 0.590611 0.5910671 0.5905443 0.5894955
0.5889189 0.5898943 0.588821 0.5873326 0.5893745
0.5872394 0.5856032 0.5855906 0.5864023 0.5853345
0.5852225 0.5834883 0.5858652 0.5862938 0.5869914
0.585695 0.5864105 0.5884688 0.5872005 0.586657
0.586688 0.5873057 0.5877253 0.5863075 0.5885656
0.5895255 0.587431 0.58801 0.5894958 0.5896698
0.589518 0.588128 0.587397 0.5882327 0.5890476
0.5869624 0.5853838 0.5863157 0.5860822 0.5850773
0.5843056 0.5852882 0.5834028 0.5837551 0.5861366
0.5874247 0.5884614 0.5873361 0.5880981 0.5857608
0.5838209 0.5847583 0.5865232 0.5865498 0.5856576
0.5858115 0.587422 0.5866865 0.585286 0.5869
0.5881337 0.5895575 0.5906109 0.5897508 0.5901368
0.5891317 0.5897153 0.588494 0.5906672 0.5924
0.5939528 0.5929986 0.5944724 0.5931641 0.5947872
0.593857 0.59602 0.5945168 0.596355 0.597669
0.5956393 0.5949332 0.5951302 0.5967498 0.5979311
0.5983514 0.6005202 0.5990187 0.599833 0.600826
0.6027629 0.602676 0.6042918 0.6020363 0.6030822
0.6045089 0.6052988 0.6046086 0.6058033 0.603838
0.602476 0.6036863 0.6034534 0.6027283 0.6007373
0.5998957 0.5990406 0.59959 0.6004815 0.5980911
0.5963692 0.5980994 0.6001482 0.6012326 0.6012219
0.6028178 0.6036612 0.6041522 0.602718 0.6035965
0.6018894 0.6016473 0.6002789 0.598354 0.5961188
0.594825 0.5955403 0.5949341 0.592673 0.5904889
0.590318 0.5886355 0.590019 0.5881582 0.588279
0.5873334 0.5879246 0.5860793 0.5868142 0.5859567
0.585769 0.587343 0.5872806 0.5874783 0.5894619
0.5910612 0.5929715 0.5940647 0.5926232 0.5906033
0.5882605 0.5888979 0.5902303 0.5908769 0.5901693
0.5916179 0.5918419 0.5926531 0.593281 0.5945603
0.5939372 0.591902 0.5941457 0.5961354 0.5957123
0.5956873 0.5963536 0.5971023 0.5959838 0.5946513
0.596102 0.5954898 0.5978335 0.5979293 0.5980448
0.5959245 0.5970904 0.594971 0.5946622 0.5946571
0.5951136 0.5938122 0.5921135 0.5941387 0.5962414
0.5940767 0.5921272 0.5923386 0.5899999 0.589623
0.590653 0.5923365 0.5902663 0.5915313 0.5936884
0.5953781 0.5958385 0.5952511 0.595341 0.5937932
0.5949697 0.5930635 0.5949508 0.5954784 0.5964111
0.5983115 0.5982827 0.5990551 0.6007493 0.6022087
0.6019685 0.6031776 0.6013021 0.6003555 0.6021964
0.6006208 0.5988116 0.5966956 0.598935 0.596864
0.5949787 0.5972681 0.596851 0.5965457 0.5970286
0.5952471 0.5934598 0.5955049 0.5973638 0.5954984
0.5935412 0.5943525 0.5923059 0.5900491 0.5900249
0.58869 0.5910739 0.590256 0.5879714 0.5886916
0.5885955 0.5863494 0.5881163 0.5883742 0.5903874
0.5884189 0.5884189 0.5896191 0.5900752 0.5909281
0.592502 0.5924931 0.5904783 0.5900024 0.5891646
0.5884624 0.5901482 0.5897642 0.5907394 0.5911509
0.5934808 0.5914637 0.5910154 0.5899536 0.5900833
0.5923014 0.5934577 0.5926703 0.5916368 0.5907511
0.5917865 0.5930324 0.5944473 0.5956151 0.5947833
0.5926425 0.5948914 0.597109 0.595514 0.5950574
0.5952985 0.5962836 0.5955763 0.5967849 0.5954915
0.5974461 0.5971415 0.5958311 0.5980052 0.5986974
0.599603 0.5990162 0.5977018 0.599152 0.5993769
0.5989953 0.598807 0.5995082 0.5975182 0.5951757
0.5974725 0.5974725 0.5993872 0.5979417 0.5973074
0.5955898 0.5961538 0.5966056 0.5985192 0.6008637
0.6019384 0.6004598 0.6004598 0.6004598 0.6015087
0.5991905 0.5991153 0.5993964 0.5987339 0.5994675
0.5981195 0.5969207 0.5967233 0.5950508 0.5940317
0.5961137 0.5983624 0.600549 0.6018852 0.6021257
0.6019317 0.6019357 0.5996379 0.6007449 0.6001084
0.6024216 0.6039316 0.6041434 0.6053057 0.6035086
0.6048761 0.6037825 0.6037825 0.6029305 0.6014311
0.5997478 0.5994967 0.5994967 0.6001868 0.6006054
0.60038 0.5986112 0.6008138 0.6014706 0.6013372
0.6019435 0.6025939 0.6029689 0.6030762 0.6035422
0.6018349 0.602274 0.601922 0.6035382 0.6024055
0.6037836 0.6020266 0.6019114 0.601408 0.6009921
0.5997774 0.6015314 0.6011172 0.6030338 0.6028881
0.6043291 0.6059226 0.6074733 0.6088649 0.6083129
0.6062485 0.6048666 0.6045933 0.6031053 0.6045847
0.6032547 0.6040734 0.6034966 0.6013139 0.6031543
0.6053165 0.6063515 0.6042928 0.6050451 0.6061882
0.6040576 0.6049456 0.6034549 0.6043663 0.605308
0.6029915 0.6052084 0.6069136 0.6059283 0.6050941
0.6039798 0.6050296 0.6070544 0.6056693 0.6035047
0.6022808 0.6022416 0.6010615 0.6009926 0.6002728
0.598473 0.6002135 0.5991372 0.5968435 0.5992036
0.5999422 0.6003503 0.6026203 0.6012789 0.603221
0.6038512 0.6050334 0.6028894 0.6016354 0.5998863
0.6011077 0.6014501 0.6015561 0.6025335 0.6010931
0.6022202 0.6024181 0.6034091 0.6017624 0.6014285
0.603253 0.6014146 0.6026333 0.6037637 0.6039439
0.6047467 0.6048539 0.6026612 0.6026612 0.6007215
0.5994482 0.6013993 0.6027355 0.6040146 0.6026618
0.6023332 0.6030108 0.6041948 0.603682 0.6021118
0.6005105 0.6005006 0.5987011 0.5981699 0.5979162
0.5991921 0.5992895 0.5989208 0.5965461 0.5954143
0.5948781 0.5937613 0.5925725 0.5935549 0.5940981
0.5920457 0.5903406 0.5926841 0.594987 0.5962161
0.5939013 0.5914983 0.5927246 0.5932946 0.5931783
0.5915098 0.5928525 0.5935293 0.5940263 0.5939311
0.5949459 0.5971427 0.5973856 0.5991781 0.5968243
0.594659 0.5956978 0.5965927 0.5984908 0.5982361
0.5979888 0.5985693 0.5967215 0.596723 0.5965361
0.5965446 0.5982993 0.5970687 0.5981659 0.5990182
0.5998084 0.601566 0.600808 0.5995907 0.6011211
0.6020125 0.603632 0.604195 0.6034602 0.6027338
0.6026259 0.6026259 0.6002755 0.5993717 0.6004462
0.599759 0.6007968 0.5985138 0.6007988 0.5988363
0.5975148 0.5977232 0.598612 0.5965746 0.5973938
0.5973938 0.599061 0.5991332 0.5991332 0.5987432
0.596495 0.594542 0.5935203 0.594369 0.5923693
0.5933382 0.594557 0.5924032 0.590148 0.590969
0.5923291 0.5902203 0.5910774 0.5914889 0.5914889
0.592798 0.5928155 0.592118 0.5941955 0.5937732
0.5960682 0.5949058 0.5968306 0.597179 0.5987397
0.6007845 0.602454 0.6005775 0.6021922 0.6026924
0.6046543 0.6039498 0.6057201 0.6050382 0.6060288
0.6049874 0.6033617 0.6032588 0.6041725 0.6033782
0.604996 0.6061596 0.6039487 0.6060353 0.6042526
0.6037732 0.6048427 0.6047488 0.6067521 0.6078397
0.6064797 0.6047671 0.605543 0.6057759 0.6053464
0.6053217 0.6048624 0.6051651 0.603358 0.602425
0.6003094 0.6006429 0.5986583 0.5998903 0.6015119
0.6007584 0.6027327 0.6043387 0.6054755 0.6076919
0.6068377 0.6080554 0.6065468 0.6057681 0.6076297
0.6076297 0.6080538 0.6101892 0.6102428 0.6120603
0.6139643 0.6124768 0.6147176 0.6144198 0.6163237
0.615858 0.6160575 0.615621 0.6156062 0.6140118
0.6162437 0.6159183 0.6176115 0.6191223 0.6177778
0.618606 0.6166285 0.6167342 0.6167342 0.6189732
0.619981 0.6210056 0.6188954 0.6199541 0.6193991
0.6193384 0.6178115 0.6186975 0.6183155 0.6167986
0.614485 0.6146302 0.6133695 0.6111788 0.6098801
0.6077854 0.6078636 0.6095289 0.6086308 0.6078904
0.6085653 0.6109444 0.6125018 0.6116753 0.6134133
0.613903 0.615905 0.6175027 0.6187667 0.6204701
0.6185685 0.6182214 0.617631 0.6183531 0.6183095
0.6184556 0.6194954 0.6211025 0.6232349 0.6254825
0.6268059 0.6282867 0.6273539 0.6282005 0.6290538
0.6308225 0.629904 0.6321674 0.630482 0.6311406
0.6313004 0.6317091 0.6299728 0.6306032 0.6328231
0.6339967 0.63571 0.633465 0.6316774 0.6337033
0.6343482 0.6351863 0.6340425 0.632589 0.6326269
0.6316366 0.6321231 0.6314042 0.6318859 0.6333473
0.6351018 0.6328242 0.6321717 0.6335487 0.6314079
0.6310133 0.6311693 0.6291491 0.627811 0.6287652
0.6307197 0.6291995 0.6276511 0.6295758 0.6319047
0.6324321 0.6335474 0.633976 0.6352339 0.6341648
0.6362864 0.638205 0.6383766 0.639159 0.6412014
0.6404266 0.6386974 0.6368019 0.6374174 0.6374826
0.6383182 0.6406204 0.6402216 0.6418752 0.6434556
0.6429754 0.6431686 0.6420843 0.6411546 0.6392089
0.6392084 0.6394629 0.6390075 0.6401484 0.6403772
0.6406665 0.6395837 0.6406131 0.6415752 0.6420442
0.6412325 0.6399997 0.6407783 0.6426514 0.6416264
0.6424541 0.642513 0.6412839 0.6389882 0.6399756
0.6391191 0.6389794 0.6370975 0.6364584 0.6379512
0.63865 0.6365425 0.6350524 0.633429 0.6329704
0.6334419 0.6329687 0.6339293 0.6355935 0.6356339
0.6338307 0.6338606 0.6326622 0.6312057 0.6296463
0.628552 0.6273539 0.6292657 0.6312993 0.6317175
0.6315995 0.6317986 0.6297083 0.6307252 0.630705
0.632565 0.6322698 0.6329757 0.6313887 0.6312617
0.6312241 0.629854 0.6316453 0.6322175 0.6336984
0.6349496 0.633465 0.63568 0.6371195 0.6371195
0.6389267 0.6373742 0.6364034 0.6347639 0.635497
0.6338096 0.6346827 0.6327301 0.6349298 0.6352522
0.6354363 0.6335499 0.6335499 0.6316306 0.6299868
0.6318595 0.6334453 0.6330283 0.6326016 0.6342071
0.6333735 0.6329405 0.6344761 0.6331799 0.6351495
0.635957 0.6338958 0.6336167 0.6319021 0.6332127
0.6352532 0.6345471 0.6329777 0.6341907 0.6343092
0.6324575 0.6305533 0.628755 0.6279944 0.6300737
0.6319627 0.6332154 0.635269 0.6333017 0.6347243
0.6361264 0.6382391 0.6396877 0.6375305 0.6387002
0.6401808 0.6399063 0.6388228 0.6384898 0.6386401
0.6365031 0.6356713 0.6372148 0.638427 0.6375462
0.6375462 0.6395409 0.6417558 0.6431869 0.6445243
0.6428216 0.6419922 0.6430393 0.6431863 0.645302
0.6459328 0.6466211 0.6471622 0.6486558 0.6469895
0.6484585 0.6461963 0.6482313 0.6484993 0.6477922
0.6480872 0.6458965 0.6464722 0.645755 0.6465492
0.6443896 0.6460422 0.6445279 0.6451285 0.6454571
0.6435863 0.644307 0.6450043 0.6458794 0.648111
0.6493885 0.6501007 0.6512593 0.6498046 0.6491441
0.6496824 0.6500423 0.6501938 0.6514762 0.6516112
0.6530282 0.6530164 0.6512068 0.651891 0.6511929
0.653374 0.6532442 0.655427 0.6534459 0.6523133
0.6506441 0.6496244 0.6510787 0.6521742 0.6512646
0.653026 0.6515259 0.6532196 0.6547253 0.6527472
0.651145 0.6496678 0.6496678 0.650164 0.650296
0.6487758 0.6486883 0.6497545 0.6505242 0.6504313
0.6494765 0.6504901 0.6521487 0.651899 0.6510365
0.6494527 0.65172 0.6516508 0.6495509 0.6504433
0.6489548 0.6495908 0.6506834 0.6489007 0.6495403
0.6512062 0.6504779 0.6482513 0.6485983 0.6489608
0.6501113 0.6512115 0.6532885 0.6516833 0.6505757
0.6500189 0.6488915 0.6494784 0.6509141 0.6498225
0.6487382 0.6503741 0.6503542 0.6496025 0.6505069
0.6512761 0.649018 0.6489315 0.6494053 0.6487049
0.6483104 0.6471003 0.6452709 0.6444499 0.644345
0.6451887 0.6452988 0.6462337 0.6467167 0.6458919
0.6462935 0.647834 0.649651 0.6507526 0.651739
0.6534816 0.6549964 0.6540833 0.652806 0.6531952
0.6533087 0.6544147 0.6539753 0.6557166 0.6576552
0.6567078 0.6559002 0.657101 0.655889 0.6541052
0.6561366 0.6549839 0.6560608 0.6556659 0.6535165
0.6525251 0.6541823 0.6552757 0.6565511 0.6557212
0.6549751 0.6558991 0.6561932 0.6580582 0.6592154
0.6596936 0.6609107 0.6596528 0.6575328 0.6595344
0.6615969 0.6601898 0.6624144 0.6607352 0.6588812
0.6610401 0.6592024 0.6608451 0.6618019 0.6618019
0.6638813 0.6650597 0.6634721 0.6613629 0.6624454
0.6628501 0.6618259 0.6597468 0.6608313 0.6591647
0.659454 0.6612808 0.6610525 0.6602984 0.6595562
0.6602736 0.6617353 0.6638167 0.6636532 0.6654908
0.6652646 0.6647219 0.6641374 0.6652587 0.6637548
0.6646916 0.6625231 0.6615436 0.6602805 0.6599338
0.6620237 0.6598076 0.6598946 0.658265 0.6583579
0.6601186 0.6588677 0.6585392 0.6573225 0.6575446
0.6585169 0.6566069 0.6558654 0.6577474 0.6584637
0.6599409 0.6605303 0.6599507 0.6605403 0.6597772
0.6619193 0.6603898 0.6590493 0.6590648 0.6568389
0.6557669 0.6579415 0.6562142 0.6543891 0.6537324
0.6545726 0.6544744 0.6537762 0.6535987 0.6541043
0.6537953 0.6524008 0.6534381 0.6542484 0.6522963
0.6520287 0.6514853 0.6531927 0.6549431 0.6556293
0.6540436 0.6541801 0.6559833 0.6581869 0.6564099
0.6543265 0.6554697 0.653378 0.654421 0.6563091
0.6579002 0.6559642 0.655195 0.6562994 0.658392
0.6585029 0.658199 0.6595194 0.6604656 0.6594505
0.6573489 0.6567799 0.6569199 0.6578119 0.6576349
0.6577507 0.6597519 0.6579864 0.6582046 0.6598805
0.6606406 0.6601052 0.6579696 0.6572797 0.657345
0.6563555 0.6580909 0.6571544 0.658082 0.6584244
0.6571405 0.6587537 0.6598875 0.6587734 0.6580705
0.65727 0.6586437 0.6595588 0.6574113 0.6580103
0.6577686 0.655612 0.6566649 0.6578941 0.6583877
0.656512 0.654945 0.6539934 0.6529336 0.6531709
0.6515207 0.649538 0.6495186 0.6484114 0.6490477
0.6486088 0.6478289 0.6473357 0.6474622 0.6473863
0.6467541 0.6486415 0.6500376 0.648502 0.6491974
0.6486456 0.6492459 0.6490083 0.6510525 0.6490391
0.6478489 0.6463977 0.647244 0.648709 0.649237
0.6480497 0.650126 0.6509231 0.6503108 0.6490186
0.6501362 0.648229 0.6488437 0.6490052 0.6496345
0.6514134 0.6516843 0.6494334 0.6490671 0.6473854
0.6490219 0.65098 0.6493184 0.6514507 0.6531101
0.654542 0.65361 0.6533593 0.6542311 0.6535753
0.6519487 0.6541095 0.6519879 0.6501038 0.6491145
0.6496902 0.6481737 0.6492076 0.6489221 0.6508504
0.6512104 0.6531493 0.654677 0.6528544 0.6533295
0.6543805 0.652785 0.6517094 0.6501477 0.6505124
0.6489364 0.6477645 0.6491427 0.650026 0.6517146
0.6522648 0.6531733 0.6546064 0.65602 0.6581067
0.6573189 0.6562604 0.6562604 0.6549939 0.6554607
0.6563871 0.6579357 0.6572778 0.6594026 0.6589441
0.6605356 0.6596693 0.660792 0.6629166 0.6629947
0.6640588 0.6625648 0.660805 0.6588537 0.6605351
0.6622182 0.6627047 0.6608305 0.6606408 0.6597086
0.660851 0.6601962 0.6601631 0.6595091 0.6593199
0.6609049 0.6604816 0.662249 0.6615373 0.6608077
0.6599426 0.6606104 0.6616642 0.6629163 0.6641685
0.6659127 0.6674862 0.666752 0.6657025 0.6652653
0.665225 0.6669805 0.6657683 0.6664115 0.6682549
0.6683682 0.669335 0.6700071 0.6715799 0.6728541
0.6746046 0.6753126 0.6745003 0.6752037 0.6765502
0.6759039 0.6757564 0.6767748 0.6766457 0.6784043
0.6778463 0.6768179 0.6747983 0.6761836 0.6774033
0.6789916 0.681027 0.6831953 0.682259 0.6818012
0.6835117 0.6825367 0.6804098 0.6802659 0.6795518
0.6797717 0.6808036 0.6807855 0.6809747 0.6795402
0.6787678 0.6797831 0.6796237 0.6777446 0.6798672
0.6819827 0.6798851 0.6810772 0.682549 0.6806585
0.6817534 0.6800356 0.681476 0.6795959 0.6784622
0.6785386 0.6777818 0.677401 0.679511 0.6806937
0.6814299 0.6824584 0.6831117 0.6814946 0.6813802
0.6799251 0.6781817 0.6777441 0.679353 0.6805108
0.6791742 0.6791416 0.6772474 0.6782879 0.6764261
0.6751264 0.677212 0.6791094 0.6786585 0.6793592
0.6805179 0.6810166 0.6814927 0.6807341 0.682477
0.6803649 0.6806801 0.6789067 0.679622 0.679879
0.6800025 0.6796315 0.6809758 0.6789674 0.680638
0.6796391 0.6805311 0.6825034 0.6828076 0.6826514
0.6842168 0.6822191 0.680987 0.6830246 0.6812467
0.6805473 0.6823618 0.6844731 0.6823141 0.6835049
0.6831094 0.6823524 0.6807375 0.6794846 0.6791622
0.6810162 0.6807847 0.6812119 0.6796801 0.6801405
0.6805878 0.6816155 0.680604 0.6793571 0.6773103
0.6783825 0.6786154 0.6791048 0.6806565 0.6801635
0.6793959 0.6774101 0.6762694 0.6761275 0.6739579
0.6737865 0.675312 0.674378 0.6765642 0.6765765
0.6775474 0.6779418 0.6762235 0.6776351 0.6760852
0.6754422 0.6736094 0.6736094 0.6753245 0.6764244
0.6750802 0.6767794 0.6772273 0.6790925 0.6778965
0.6770686 0.6765083 0.6770484 0.676831 0.6767494
0.6753604 0.677533 0.6757891 0.6777002 0.6777456
0.6791521 0.678449 0.6779047 0.6794522 0.680777
0.6787395 0.680386 0.6785734 0.677801 0.6781522
0.677879 0.6769349 0.6759025 0.6748196 0.6738944
0.6719641 0.6708157 0.6696207 0.6699903 0.6678192
0.6662636 0.6660293 0.6670367 0.668231 0.669123
0.668776 0.6672719 0.668217 0.6692443 0.6687673
0.6701729 0.6685645 0.6666076 0.6664181 0.6664017
0.6673928 0.669539 0.6698525 0.6712877 0.6721808
0.6703273 0.6688985 0.6693171 0.6694231 0.6715644
0.6714835 0.6721467 0.6726491 0.673662 0.6736852
0.6742914 0.675288 0.676296 0.676248 0.6741045
0.672 0.6738529 0.6745701 0.6751485 0.6757703
0.6773464 0.6757627 0.6748643 0.674201 0.6723745
0.6705057 0.6687639 0.6681425 0.6679367 0.6697334
0.6704063 0.6711628 0.6699323 0.6708763 0.6728941
0.6729773 0.6711774 0.6695996 0.6682518 0.6701581
0.6690532 0.6690351 0.666841 0.6658347 0.6659127
0.6674706 0.6678961 0.6685001 0.6671672 0.6673784
0.6693968 0.6707658 0.6694384 0.6677077 0.6665462
0.6684811 0.6703386 0.6708767 0.6710042 0.6710635
0.6712426 0.6713438 0.6729888 0.6720581 0.6711373
0.6719472 0.6715618 0.673697 0.6745004 0.6762599
0.6757859 0.6773276 0.6782824 0.6772622 0.6783853
0.6769809 0.6767832 0.6753121 0.673225 0.6717746
0.673864 0.6727693 0.6708895 0.6699051 0.6678907
0.6663297 0.6669183 0.6678158 0.6682647 0.6691568
0.6693443 0.6713337 0.6696387 0.669681 0.670153
0.6692293 0.6679229 0.6669741 0.6669052 0.6677094
0.6658131 0.6654327 0.6660693 0.6672947 0.6683633
0.6676935 0.6673124 0.6675989 0.6659534 0.6671246
0.667793 0.6693914 0.6712107 0.669893 0.6709092
0.6717975 0.671077 0.6690222 0.6703573 0.6701019
0.6706713 0.6692107 0.6703583 0.6710442 0.6727928
0.6708341 0.6718144 0.67239 0.6711033 0.6729017
0.6740859 0.675149 0.6745851 0.6745851 0.6758501
0.6747013 0.6763692 0.6763594 0.6770746 0.6762097
0.6751059 0.6755938 0.675542 0.6750318 0.6740395
0.672909 0.6732588 0.6729559 0.6749175 0.6745341
0.6739157 0.6724805 0.6746051 0.6744717 0.6724278
0.6714293 0.6724325 0.6713297 0.6727866 0.6735105
0.6747619 0.6726773 0.6707709 0.6709436 0.6694483
0.670729 0.6716845 0.6698132 0.6703927 0.668314
0.6690296 0.6707094 0.6710038 0.669098 0.669378
0.6708562 0.6690477 0.6681048 0.6673366 0.6672253
0.6691553 0.6677068 0.6693258 0.6676984 0.6681409
0.6696593 0.670583 0.6707103 0.6716372 0.6731235
0.672898 0.6742617 0.6759867 0.6744431 0.675157
0.6731771 0.6729823 0.6725853 0.6713878 0.6705237
0.6710854 0.6722395 0.6701159 0.6716037 0.6716696
0.6737894 0.6726567 0.6706979 0.6721 0.6710608
0.6696464 0.6678735 0.6683377 0.667283 0.6672021
0.6657674 0.6663532 0.6665093 0.6673349 0.6669285
0.6669693 0.666713 0.6662015 0.6650966 0.6668103
0.6689636 0.6687339 0.66768 0.6689645 0.6698796
0.6698144 0.6708901 0.671089 0.6725794 0.6745362
0.6767252 0.6746872 0.6733348 0.6748602 0.6758326
0.6763811 0.6756867 0.6758041 0.6773395 0.6760811
0.6754836 0.6744493 0.6766292 0.6758444 0.6771288
0.6756794 0.6770804 0.6775665 0.6794715 0.6789519
0.6805254 0.6814184 0.6834327 0.6854466 0.6866288
0.6863998 0.6876076 0.6892076 0.6912379 0.6896753
0.6910085 0.6903304 0.6898463 0.6901744 0.6919003
0.6925458 0.6909595 0.6924994 0.6920673 0.6912812
0.6899152 0.6909603 0.6900257 0.6896778 0.6886756
0.6904915 0.6892382 0.690879 0.6892187 0.690583
0.6896677 0.6879676 0.6897923 0.6900625 0.6889881
0.6902628 0.6895551 0.6881302 0.6875017 0.6879771
0.6879819 0.6868422 0.6880123 0.6896094 0.6895083
0.6911425 0.6919359 0.6936439 0.6926964 0.6942731
0.6958213 0.6955965 0.6944049 0.6937039 0.6948709
0.6952106 0.69363 0.692679 0.6925322 0.6940131
0.6927706 0.6908438 0.6905444 0.69154 0.6925469
0.6920885 0.6933135 0.6937279 0.6955056 0.695407
0.6933959 0.6951105 0.6961574 0.6966203 0.6959139
0.696807 0.6978218 0.6968433 0.6963312 0.6944152
0.6946353 0.694573 0.6963565 0.6972732 0.6976212
0.6976851 0.6983977 0.697944 0.6982951 0.6999314
0.7008943 0.7029642 0.7041081 0.705294 0.7053326
0.7034941 0.7030529 0.7018085 0.7014453 0.7016276
0.7035645 0.7030108 0.7028525 0.702309 0.703877
0.702656 0.703292 0.7016224 0.6997535 0.6989454
0.6987485 0.6967505 0.6959244 0.6978398 0.699872
0.6997709 0.7013234 0.7021624 0.7007184 0.699836
0.6998855 0.699337 0.7000965 0.6980837 0.6970286
0.6960351 0.6963059 0.6971828 0.6981613 0.6972897
0.6977631 0.6958131 0.6952116 0.6936023 0.6921673
0.6929893 0.6941417 0.6931951 0.69447 0.6945211
0.6944158 0.6938907 0.6958137 0.6957195 0.6938943
0.6928166 0.6924632 0.6909396 0.6919989 0.6905577
0.6912349 0.6925111 0.6944177 0.69493 0.6937093
0.6931842 0.693647 0.695331 0.6971839 0.696752
0.6973117 0.6967498 0.697936 0.697509 0.6969027
0.6985311 0.6970506 0.6964096 0.6970792 0.6986915
0.699419 0.697893 0.6981554 0.6979793 0.6968139
0.6975291 0.6975652 0.695916 0.696931 0.6962703
0.6961485 0.6967666 0.6966275 0.695897 0.6974112
0.6995154 0.6990985 0.700834 0.6999546 0.7006381
0.7024938 0.7040836 0.703857 0.7053843 0.7067154
0.7056922 0.7049626 0.7065338 0.7082945 0.7086999
0.710449 0.708403 0.7091706 0.7100686 0.7112583
0.7129086 0.7141443 0.7149157 0.714394 0.7153869
0.7173608 0.7153535 0.713569 0.7139384 0.7128386
0.7133898 0.7126987 0.7131093 0.7138556 0.712244
0.7104053 0.7117008 0.7136233 0.7154872 0.7138256
0.712701 0.7141669 0.7145559 0.7133972 0.7142354
0.7155079 0.7152463 0.7150852 0.7138206 0.7124214
0.7116636 0.7130363 0.7135202 0.7130893 0.7148136
0.7136953 0.7130822 0.7129387 0.7111943 0.711332
0.7097327 0.7099929 0.7112417 0.7122221 0.7105057
0.712423 0.7105161 0.7109231 0.7124352 0.7119069
0.7130869 0.7135044 0.7145605 0.7150455 0.7130521
0.7110183 0.7095901 0.708548 0.7102913 0.7116042
0.7105975 0.7116035 0.7119965 0.7132796 0.7135714
0.7136806 0.7144396 0.7147971 0.714433 0.714263
0.7154333 0.7167028 0.7181285 0.7175141 0.7168365
0.7176592 0.7162621 0.7155157 0.7168559 0.7148912
0.7144663 0.715602 0.7155748 0.7169068 0.71804
0.71864 0.7197538 0.7198695 0.718778 0.7184702
0.7190025 0.7190764 0.7200649 0.7202105 0.7213714
0.7203619 0.7185024 0.7167377 0.7184738 0.7166369
0.7165067 0.7165067 0.7170636 0.715518 0.7139742
0.7121387 0.7140901 0.7125778 0.7138343 0.7129739
0.7126755 0.714297 0.7161098 0.7164734 0.7176505
0.7162006 0.7162006 0.715774 0.7155441 0.714427
0.7156844 0.7146682 0.713136 0.7133135 0.7149556
0.7142925 0.714997 0.7167457 0.7168873 0.716525
0.717066 0.7153025 0.7166592 0.7170333 0.7154644
0.7174838 0.7184125 0.7179076 0.7185365 0.7199522
0.720283 0.72061 0.7211015 0.7200836 0.718926
0.7198996 0.7185136 0.7172034 0.7186568 0.7178417
0.7163856 0.716621 0.7154666 0.715335 0.7166859
0.7156503 0.7157577 0.7161327 0.71671 0.7186096
0.7167819 0.7158209 0.717754 0.7185525 0.718698
0.7191061 0.7180699 0.7180262 0.7198258 0.7193174
0.7176469 0.717931 0.7179084 0.7177981 0.7164708
0.7175639 0.7195465 0.7208584 0.7203995 0.7189399
0.7171242 0.7176416 0.7159853 0.7145151 0.715237
0.7157861 0.7176011 0.7167537 0.7151236 0.7160861
0.7157275 0.7152836 0.715508 0.7145068 0.7153251
0.7138181 0.7123068 0.7131102 0.714126 0.716038
0.7154983 0.71401 0.7143771 0.714474 0.7139397
0.7119445 0.7124693 0.7120464 0.7129616 0.71204
0.711543 0.709607 0.7092859 0.7088555 0.7085159
0.7101457 0.7106015 0.7106015 0.7093883 0.7082362
0.7075836 0.7061252 0.7041996 0.703916 0.703027
0.7048329 0.7044843 0.7035079 0.7023389 0.7006529
0.6992812 0.6975203 0.6989334 0.6977258 0.6958801
0.6960227 0.6960952 0.6950976 0.6931101 0.6930394
0.6930062 0.6934581 0.6955184 0.6963107 0.6944035
0.6937237 0.6946481 0.6953651 0.6972775 0.6961028
0.6946746 0.6962757 0.6968522 0.697202 0.6951131
0.6938909 0.6922512 0.6924656 0.6940821 0.695178
0.6935138 0.6936419 0.6916226 0.6926648 0.6935779
0.6940013 0.6939365 0.6919076 0.6913371 0.6914935
0.6908613 0.6927075 0.6919732 0.6928149 0.6942573
0.693392 0.6914666 0.6894654 0.6894374 0.688833
0.688211 0.689751 0.6887496 0.689017 0.6877595
0.6867555 0.686125 0.6879283 0.68624 0.6858624
0.6866388 0.6886344 0.6897911 0.6880627 0.6878268
0.6872067 0.688801 0.687836 0.6889794 0.6872538
0.6853293 0.6870974 0.6873025 0.6893635 0.6887795
0.688923 0.6899339 0.6912403 0.6898951 0.688458
0.6866058 0.6877382 0.6874472 0.687608 0.6871684
0.6867579 0.6888972 0.6899042 0.69066 0.68871
0.6896017 0.6878565 0.6861669 0.686687 0.6867043
0.6873566 0.6877378 0.6861392 0.684601 0.6849667
0.6853676 0.6868898 0.6854437 0.6834846 0.6830615
0.684996 0.6859186 0.6841471 0.684098 0.6841394
0.6822828 0.6824326 0.6843211 0.6861254 0.6873556
0.6884876 0.6886435 0.6900502 0.6880028 0.6881639
0.6884572 0.68893 0.689349 0.6888047 0.6870595
0.6856765 0.6861545 0.6879192 0.689329 0.6908173
0.6910585 0.6897988 0.6911166 0.6907361 0.6923616
0.6944266 0.6929789 0.6948258 0.6947241 0.6954571
0.6969056 0.697658 0.6971033 0.6959857 0.6952348
0.6940703 0.692292 0.6926201 0.6917448 0.6919835
0.6906806 0.6889538 0.6886634 0.6868615 0.6882798
0.6896045 0.6913583 0.6918985 0.6931372 0.6950286
0.6934678 0.6924003 0.6939001 0.6949564 0.6936111
0.6943335 0.6923483 0.6936379 0.6939893 0.6926678
0.6930225 0.6940046 0.6959302 0.6945735 0.6962323
0.6955573 0.6945732 0.6925546 0.6941347 0.69574
0.6974829 0.6982383 0.6998863 0.7012684 0.7032191
0.7028454 0.7042273 0.7051961 0.7056514 0.7070619
0.7085536 0.7075846 0.7089645 0.7103566 0.7089864
0.7085452 0.7071063 0.7069411 0.7088127 0.7085159
0.707821 0.7083959 0.7075514 0.7063624 0.708353
0.7100204 0.7094091 0.7097687 0.7115794 0.7101842
0.711939 0.7123632 0.7122379 0.7119443 0.7117838
0.713234 0.7152005 0.7161137 0.7144717 0.7153512
0.7159581 0.7160549 0.714073 0.7148927 0.7152244
0.7140615 0.7154581 0.7174706 0.7154922 0.7137633
0.7132274 0.7133821 0.7134577 0.7152052 0.7164777
0.715426 0.7160771 0.714906 0.714277 0.7133178
0.714527 0.7126968 0.711466 0.7121772 0.7112081
0.7117113 0.7129833 0.7135884 0.7129186 0.711191
0.7098208 0.7112134 0.7096832 0.7106524 0.7122594
0.710357 0.7093876 0.708224 0.707752 0.7078446
0.7085137 0.709205 0.7075417 0.7076886 0.7094534
0.7098797 0.71157 0.7120655 0.7101888 0.7102931
0.7103661 0.7118181 0.7130166 0.7147729 0.716283
0.7168417 0.7179651 0.7167906 0.7155316 0.7164247
0.7164247 0.7168192 0.7179751 0.7174722 0.7173297
0.7182448 0.7188284 0.7183138 0.7193427 0.7191496
0.7178453 0.71749 0.7157397 0.7142179 0.7157987
0.7154886 0.7136333 0.7126328 0.7126534 0.7133027
0.7149044 0.7132248 0.7147899 0.7141168 0.7161065
0.7153187 0.7162291 0.715564 0.7136965 0.7142805
0.7144577 0.7136467 0.714999 0.7167308 0.7176833
0.7175236 0.7155308 0.7163855 0.7144152 0.7146041
0.714288 0.7131772 0.7124328 0.7139969 0.7153444
0.7155413 0.7158968 0.7167081 0.718148 0.7161452
0.7176446 0.7173011 0.7191362 0.7184831 0.7187
0.7192626 0.7201957 0.7195024 0.7180915 0.7172036
0.7182187 0.7188537 0.7197362 0.7193423 0.7181832
0.7187292 0.7200408 0.7207584 0.721778 0.7205586
0.719821 0.7202575 0.72183 0.7214219 0.721402
0.7202815 0.7217176 0.7205966 0.7224301 0.721933
0.7229223 0.7224973 0.7221729 0.7214507 0.7231583
0.7244637 0.7225098 0.7223282 0.7235108 0.7222135
0.7202319 0.71956 0.7188024 0.7176893 0.7191872
0.7196162 0.7208492 0.7200398 0.7213637 0.7214622
0.7212484 0.722061 0.7226516 0.7222327 0.723042
0.7237137 0.7226556 0.7241851 0.7243431 0.7260349
0.725352 0.724041 0.7250832 0.7235328 0.7248312
0.7251201 0.7241527 0.7233796 0.7213974 0.7223577
0.7228156 0.7247315 0.7240422 0.7247858 0.7257958
0.7274213 0.726506 0.7276095 0.7283385 0.7263962
0.727493 0.7294443 0.7305266 0.7295895 0.728857
0.7300849 0.731029 0.7300619 0.728156 0.7268439
0.7266506 0.7261786 0.7253283 0.7263861 0.7269736
0.7274494 0.7264886 0.7264808 0.7248071 0.7246647
0.7249798 0.7260375 0.7256873 0.7273462 0.725543
0.7235493 0.7217139 0.7210793 0.7229276 0.724585
0.7241493 0.7251368 0.7263173 0.7277986 0.727658
0.7275866 0.7264573 0.7267407 0.7285664 0.7290283
0.7285896 0.7268742 0.7283 0.7278631 0.7288595
0.7295154 0.730645 0.7313967 0.7296422 0.7306687
0.7301685 0.7305972 0.7312025 0.7331558 0.735052
0.7345173 0.7359681 0.7375167 0.7374005 0.7392481
0.7390276 0.7383916 0.7401777 0.7407852 0.741653
0.7418999 0.7436542 0.7441932 0.7426573 0.7426092
0.740853 0.7415016 0.7411004 0.7407441 0.7415373
0.7423597 0.7431346 0.7437844 0.7440279 0.7442741
0.7437659 0.7448027 0.7448027 0.745331 0.7458014
0.7457324 0.7472614 0.748224 0.747583 0.7485659
0.7488262 0.7486111 0.7490556 0.7502987 0.7506977
0.750588 0.7494126 0.74957 0.7494793 0.7500248
0.7513515 0.7520048 0.7513882 0.7527857 0.7532224
0.7523509 0.7514031 0.7510307 0.750242 0.7509739
0.7500163 0.7501662 0.7516472 0.7511234 0.7507536
0.7496934 0.750486 0.749463 0.7492357 0.7510425
0.75267 0.7517919 0.7519993 0.7535402 0.753635
0.7533458 0.7527764 0.7517105 0.7500064 0.7516637
0.7508199 0.7519599 0.7507087 0.752072 0.7511514
0.7500467 0.7488585 0.7489406 0.7474652 0.7456377
0.7439354 0.74349 0.7445371 0.7444679 0.7454641
0.7444805 0.7462533 0.7458738 0.747689 0.7494928
0.7512191 0.750349 0.7517751 0.75019 0.7512247
0.7520422 0.7506645 0.7503362 0.7509169 0.7499667
0.7507175 0.7504576 0.7514462 0.7530036 0.7517585
0.752188 0.7506237 0.7498397 0.7511341 0.7497645
0.7514089 0.7514734 0.7520348 0.7534077 0.7550704
0.7550704 0.7539983 0.753958 0.7532001 0.7525723
0.7523006 0.7506724 0.751251 0.7507754 0.7494078
0.7500603 0.751598 0.7506284 0.7498647 0.7510997
0.7504466 0.7510009 0.7518837 0.7518922 0.7530815
0.7527515 0.7544457 0.7536318 0.7527168 0.7520787
0.75363 0.7541925 0.7546854 0.7535872 0.7532553
0.7530829 0.7523246 0.7525189 0.7538693 0.7523559
0.7518328 0.7508627 0.7508627 0.7526914 0.7538761
0.7529918 0.7542399 0.7543255 0.753513 0.7541665
0.7552564 0.7552564 0.7557194 0.7547144 0.7532649
0.752043 0.7536287 0.754898 0.7566633 0.7578651
0.7560284 0.7551796 0.7552969 0.7537966 0.7536572
0.7542929 0.754736 0.7539429 0.7543577 0.7542292
0.7544713 0.7538426 0.7528332 0.7535811 0.7553902
0.7562156 0.7563176 0.7577163 0.7559716 0.7574534
0.7560877 0.7563586 0.7580973 0.7598318 0.7610817
0.7594812 0.7582021 0.7567413 0.7581601 0.7590947
0.7582553 0.7591083 0.7577634 0.7577634 0.7576608
0.7581092 0.7589468 0.7600742 0.760784 0.761237
0.761237 0.7611487 0.7624658 0.761625 0.7617549
0.7605063 0.7613959 0.7607264 0.7611654 0.7626632
0.7614367 0.7619335 0.7602609 0.7604076 0.759999
0.7612523 0.7594462 0.7581214 0.7575929 0.7590543
0.7578875 0.7590845 0.760477 0.7612023 0.7605662
0.7623346 0.7624554 0.762381 0.762446 0.7629676
0.7614642 0.7611523 0.7598732 0.7602302 0.7619739
0.7604304 0.7604304 0.7594733 0.7594538 0.7579145
0.7580278 0.7592859 0.7587169 0.7576328 0.7568547
0.7575542 0.7585238 0.7600159 0.7599364 0.7607022
0.7610499 0.7610174 0.7613481 0.7598103 0.7599965
0.7588054 0.7602207 0.7587996 0.757301 0.7570993
0.7580857 0.7577353 0.7566816 0.7572016 0.7578646
0.7574984 0.7565668 0.7562145 0.7561115 0.7551779
0.7563328 0.7572038 0.7567697 0.7549468 0.7563033
0.7552606 0.7536716 0.7540167 0.7526652 0.7520909
0.7519572 0.7504989 0.7501692 0.7489426 0.749861
0.7502371 0.748533 0.7495377 0.750916 0.752116
0.7533138 0.7523194 0.752423 0.7516862 0.751108
0.7511909 0.7529072 0.7514592 0.7527446 0.7543775
0.7534634 0.7525707 0.7513404 0.7514407 0.751582
0.751955 0.750634 0.7502035 0.7500832 0.7488011
0.7489411 0.7471828 0.7479819 0.7488684 0.7485355
0.7496217 0.7491982 0.7487337 0.7489237 0.7489086
0.7476727 0.7471201 0.747644 0.7486 0.7482037
0.7490286 0.7481396 0.7477772 0.7494785 0.7482665
0.7465218 0.746737 0.7457789 0.745954 0.7443978
0.7456879 0.7466466 0.7461918 0.747038 0.7480336
0.7497341 0.7515431 0.7521311 0.7503086 0.7502339
0.7511791 0.7526502 0.7510957 0.749487 0.7497355
0.7490987 0.7492832 0.750841 0.7497507 0.7504739
0.750085 0.7514369 0.7498844 0.748897 0.7502874
0.7489635 0.7493868 0.7486957 0.7485954 0.7500624
0.7518911 0.7506487 0.7504046 0.7513464 0.751941
0.7508417 0.7504983 0.7504331 0.748977 0.7486924
0.747609 0.7466684 0.7453505 0.744176 0.7429335
0.7421405 0.743809 0.7455166 0.7453634 0.743595
0.7429228 0.7433426 0.7451288 0.7436094 0.7421795
0.741518 0.7397365 0.7409338 0.7415958 0.742111
0.7403022 0.7422199 0.7412294 0.7412294 0.7421686
0.7438513 0.7439085 0.7422472 0.743297 0.7435045
0.7428505 0.7445983 0.745887 0.7446791 0.744708
0.7446348 0.7452652 0.746867 0.7481876 0.7473187
0.7461849 0.7458809 0.7443478 0.7447305 0.7450065
0.7457749 0.7446842 0.7459117 0.7455766 0.7462502
0.7474672 0.7484058 0.747073 0.7459976 0.7469418
0.7454744 0.7445458 0.74517 0.7466516 0.7484262
0.749177 0.7488559 0.748059 0.7482801 0.7471268
0.7472501 0.7458137 0.7453432 0.7442822 0.7436136
0.7450957 0.7462671 0.7453192 0.7435673 0.7430809
0.7430356 0.7436234 0.745059 0.7462962 0.7448471
0.7438968 0.7421522 0.7422424 0.7416847 0.7408883
0.7417309 0.7418085 0.743067 0.7426588 0.7428074
0.7411622 0.7407829 0.7425255 0.7409703 0.7401222
0.7404458 0.7385691 0.7366816 0.7349503 0.7346355
0.7354754 0.7345032 0.7348305 0.7353494 0.7358949
0.736831 0.736254 0.735335 0.7355537 0.7367364
0.7385681 0.7396821 0.741012 0.7405404 0.741814
0.7400738 0.738318 0.736565 0.7368343 0.7359638
0.73564 0.7370907 0.7364067 0.7382499 0.740008
0.7392537 0.7406917 0.7414508 0.7429405 0.7424805
0.7419964 0.7429987 0.7410858 0.7395251 0.7385081
0.7375835 0.73794 0.7380464 0.7397783 0.7409515
0.7400858 0.7397567 0.7391087 0.737259 0.7390818
0.7386492 0.7386228 0.7374336 0.7377585 0.7363767
0.735009 0.7342898 0.7327414 0.7327911 0.7342207
0.7323266 0.732437 0.7323448 0.7323565 0.7312883
0.7315275 0.7317027 0.7326011 0.7337564 0.7345073
0.732973 0.7313525 0.7324994 0.730699 0.7298593
0.73081 0.7308427 0.7302433 0.7291471 0.7294166
0.7278473 0.7263384 0.7264123 0.7244233 0.7246394
0.7265435 0.7258605 0.7267538 0.7286938 0.7280224
0.7275148 0.7284258 0.729104 0.7308509 0.7325
0.7318126 0.7337691 0.7334959 0.7320405 0.7308052
0.729006 0.7284221 0.7298792 0.7301856 0.7303801
0.7303844 0.7306501 0.7306501 0.7317674 0.7312476
0.7313089 0.7311054 0.7310988 0.7313118 0.7313118
0.7307402 0.7320943 0.7321098 0.7306606 0.7318633
0.732579 0.7338254 0.7342394 0.7331968 0.7326821
0.7325878 0.7330768 0.7313509 0.7314983 0.7333922
0.7340424 0.7323451 0.7324638 0.7332897 0.7337916
0.733879 0.7324623 0.7343608 0.7350585 0.7348731
0.7331556 0.7328808 0.73141 0.7332044 0.7336127
0.7320094 0.7330521 0.7333174 0.7323815 0.7328302
0.7337043 0.7351742 0.7334863 0.7330305 0.734215
0.7344133 0.7353064 0.7349717 0.7331478 0.7339314
0.7347424 0.7364585 0.7352697 0.7348973 0.735442
0.7366909 0.7381366 0.7399101 0.7392007 0.7400449
0.739999 0.7383638 0.7375768 0.7367394 0.7359213
0.73419 0.7333666 0.7339077 0.7355497 0.733765
0.7331822 0.7317559 0.7300046 0.7299778 0.7307681
0.7320127 0.7315696 0.7333676 0.7334839 0.7329965
0.7323881 0.7340223 0.7340033 0.7323603 0.7320709
0.7317015 0.7316469 0.7312627 0.7311025 0.7326766
0.7324 0.73389 0.7346185 0.7354619 0.7358925
0.7355871 0.7368034 0.7359659 0.737172 0.738011
0.7378807 0.7364885 0.7363061 0.7349138 0.7362975
0.7375051 0.7371788 0.7361273 0.73441 0.733461
0.7346291 0.7341503 0.734611 0.735619 0.7356529
0.7337532 0.7353883 0.7349536 0.7354993 0.7359133
0.7365208 0.7356314 0.7346327 0.7354832 0.7365674
0.7382144 0.7372922 0.736522 0.7365229 0.7364313
0.7369295 0.738173 0.738173 0.7388379 0.7379379
0.7368207 0.7377529 0.7385569 0.737456 0.7355203
0.7353493 0.7353493 0.7365905 0.7351111 0.7341533
0.7357633 0.7365118 0.7361415 0.7377767 0.7361954
0.7348076 0.7355309 0.7355309 0.7363198 0.7350702
0.7363898 0.7367589 0.738561 0.7373163 0.7359414
0.7342661 0.7349826 0.7339712 0.7334575 0.7320528
0.7322272 0.7306614 0.7290434 0.7294549 0.72781
0.7274902 0.7272987 0.7259622 0.7246424 0.7226705
0.7242176 0.725271 0.7245272 0.7247946 0.7240277
0.7231466 0.7231618 0.7212186 0.7200807 0.72093
0.721704 0.7199134 0.7210891 0.7202287 0.7217416
0.721593 0.7204725 0.7192631 0.7176564 0.7182385
0.7164264 0.7180418 0.7176628 0.7157288 0.7137082
0.7140273 0.7138605 0.7136633 0.7119698 0.7101358
0.711331 0.7129005 0.7122438 0.7110909 0.7104605
0.7109944 0.708987 0.7099357 0.70996 0.7098221
0.7089219 0.7083243 0.7085362 0.7086515 0.7074707
0.7088759 0.7069662 0.7078787 0.7061944 0.7064085
0.7073031 0.7057893 0.7047636 0.7036968 0.7033318
0.7019248 0.7021324 0.7014724 0.702761 0.7012145
0.701062 0.6996002 0.7002483 0.6993344 0.6989992
0.6996634 0.699525 0.6999847 0.7013569 0.7008151
0.6989247 0.6985226 0.6982797 0.6967824 0.6979872
0.698077 0.697992 0.6990197 0.697345 0.698791
0.7006256 0.7002234 0.699231 0.7004246 0.6992985
0.6977831 0.6968623 0.695236 0.6948388 0.6968272
0.6975291 0.6973653 0.6975624 0.697595 0.69963
0.7000817 0.6981903 0.6967023 0.6960132 0.697441
0.6988083 0.7000156 0.7007914 0.6988942 0.6997316
0.7016209 0.7009655 0.7005777 0.6990804 0.69942
0.7009359 0.7022514 0.701834 0.7003045 0.6999962
0.6999667 0.6979479 0.698415 0.697686 0.6976261
0.698897 0.697247 0.698987 0.6978052 0.6987962
0.6990918 0.7007657 0.7015521 0.702301 0.7005434
0.699903 0.7001336 0.7002471 0.6987397 0.6971817
0.696043 0.6957153 0.6973219 0.6968167 0.6971916
0.6965925 0.6971183 0.6988272 0.7006197 0.7014095
0.6999563 0.6988264 0.6999201 0.7000688 0.7017604
0.702025 0.700276 0.6983663 0.7002303 0.6989363
0.6981466 0.6982974 0.6969223 0.6985569 0.698443
0.6987167 0.6975602 0.6995327 0.6991514 0.6973238
0.6957601 0.6967444 0.6974293 0.6982343 0.6972383
0.6970416 0.6967172 0.6967626 0.696696 0.6964188
0.6946829 0.6931771 0.6928058 0.6907234 0.6888056
0.6897652 0.6912736 0.6926916 0.692348 0.6913287
0.6918404 0.689758 0.6916313 0.6925346 0.6944743
0.6959315 0.6978287 0.6958878 0.6948811 0.6960802
0.6965986 0.6966799 0.6955716 0.6974997 0.6954206
0.6959921 0.6966438 0.6973225 0.6961767 0.6950835
0.6940543 0.6959178 0.6966746 0.695908 0.6972222
0.6991887 0.697944 0.6978101 0.697422 0.6968989
0.6978641 0.697525 0.6969848 0.6989616 0.6999685
0.6979253 0.6958757 0.6973633 0.6960898 0.6956225
0.6942625 0.6960867 0.6964864 0.6979105 0.6979105
0.6993846 0.6991991 0.698341 0.6990078 0.699115
0.6983684 0.6991648 0.6971632 0.6969035 0.6959633
0.6967275 0.6959943 0.6955302 0.6940249 0.6951463
0.6949092 0.6967223 0.6947077 0.6957643 0.6943608
0.6923899 0.6922645 0.692373 0.6915445 0.6936343
0.693919 0.6945732 0.6945076 0.6956068 0.6975677
0.6993674 0.699599 0.7001635 0.7007856 0.7023733
0.7041621 0.7054597 0.7061712 0.7052898 0.7045872
0.7065873 0.7082363 0.7092855 0.708205 0.7099977
0.7099471 0.7105389 0.7094153 0.7099563 0.7113068
0.7097441 0.7115441 0.7107701 0.7128134 0.7142725
0.7144278 0.7143707 0.7154586 0.714122 0.7153342
0.7164678 0.7146186 0.71557 0.7160758 0.7171494
0.7188547 0.7179343 0.7198548 0.7195259 0.7209986
0.7193268 0.7202926 0.7195248 0.7201988 0.7186474
0.7176273 0.7179096 0.7170558 0.7177203 0.717713
0.7169779 0.7171406 0.7160201 0.7145409 0.7145338
0.7135414 0.714702 0.714239 0.7158418 0.716696
0.7161617 0.7178625 0.718272 0.7187548 0.7171893
0.7166241 0.7170328 0.7161887 0.7158208 0.7176351
0.718752 0.7169306 0.716922 0.7184455 0.7197721
0.7197992 0.7211258 0.7223557 0.7221458 0.7240458
0.7253428 0.7255509 0.7257124 0.7252735 0.7270327
0.7275056 0.7260492 0.7264628 0.7276365 0.728004
0.7277427 0.7288425 0.7279797 0.7263954 0.7255909
0.724964 0.723397 0.723578 0.7229791 0.7230413
0.7215816 0.7199517 0.7187209 0.7173368 0.7157463
0.7151901 0.715525 0.7140242 0.713238 0.7115247
0.711743 0.7118782 0.7114729 0.7108202 0.7104016
0.7118508 0.7135679 0.7121415 0.7113012 0.7126146
0.7109592 0.7108792 0.7112583 0.7105466 0.7109355
0.7119793 0.712933 0.7146324 0.7161811 0.7166076
0.7161145 0.7149353 0.7156243 0.7151595 0.7164637
0.7167357 0.7167357 0.7156854 0.7157474 0.716885
0.7159496 0.7173063 0.7162263 0.7161673 0.7176686
0.7185784 0.719781 0.7199432 0.721383 0.7209716
0.7204482 0.7204284 0.7196871 0.7202358 0.7202152
0.7193083 0.7191307 0.7171428 0.7155949 0.717455
0.7184321 0.717059 0.7163723 0.7156384 0.7172485
0.717849 0.7160415 0.7169001 0.7185872 0.719594
0.7207204 0.7218891 0.719893 0.7197587 0.7202215
0.7213108 0.7216338 0.7206826 0.7223771 0.7233582
0.7236236 0.7216433 0.720523 0.7216689 0.7232289
0.7231498 0.7234589 0.7229154 0.7230538 0.723347
0.722823 0.7211992 0.7214844 0.7204167 0.7206043
0.7215907 0.7212237 0.7227853 0.7227853 0.7220352
0.7222751 0.7233174 0.7220998 0.7218581 0.7214312
0.7213064 0.7206298 0.7194912 0.7182311 0.7169577
0.7165659 0.7171406 0.7166706 0.716576 0.7169737
0.7159003 0.715501 0.7160404 0.7147187 0.7134156
0.7148154 0.7157952 0.7169263 0.7150235 0.715866
0.7165452 0.7146139 0.7157143 0.7162864 0.7174068
0.7184674 0.718583 0.7189219 0.7192818 0.7183096
0.7199449 0.7214143 0.7197304 0.7206452 0.7210653
0.7216256 0.7203156 0.7205732 0.7195037 0.7207782
0.7197879 0.721356 0.7231931 0.7235089 0.7228208
0.7247628 0.7254711 0.727035 0.7255838 0.7250248
0.7261362 0.7241836 0.7238803 0.7225685 0.7236026
0.7241951 0.7249722 0.7239102 0.7225304 0.7234545
0.7237711 0.7255525 0.7248853 0.7242468 0.7226504
0.7210681 0.7206476 0.7224685 0.7222478 0.7205176
0.7186559 0.717096 0.7186204 0.7200661 0.7204908
0.7188358 0.7177338 0.7196784 0.7189743 0.7170447
0.7159566 0.717076 0.7188979 0.7193133 0.7207383
0.7200261 0.7198736 0.7179469 0.7191654 0.7210088
0.7199743 0.7182721 0.7202262 0.7190963 0.7178719
0.7197222 0.7206451 0.7222564 0.721067 0.7217762
0.7209083 0.722203 0.7238959 0.7221542 0.7228342
0.7247049 0.7238936 0.7247682 0.723726 0.7234741
0.7238371 0.7254002 0.7242294 0.7250171 0.7259045
0.7248748 0.7246506 0.7241262 0.7228394 0.7241062
0.7251712 0.723683 0.7253992 0.7268548 0.7283351
0.7269821 0.7283722 0.7264348 0.7269223 0.7286405
0.7281562 0.729888 0.7302286 0.7302286 0.7314956
0.7301113 0.7300581 0.7314629 0.73212 0.7307748
0.7301465 0.7304395 0.729341 0.7306221 0.7299852
0.7306636 0.7311217 0.7315224 0.7328117 0.7325634
0.7341054 0.7325983 0.7307508 0.7302006 0.7289826
0.7275497 0.7263896 0.726744 0.728033 0.7268144
0.7253161 0.7240782 0.7250989 0.7257521 0.7244094
0.7245466 0.7257351 0.7243166 0.7249026 0.7246058
0.7227443 0.7221933 0.7206619 0.7202886 0.7211845
0.7200082 0.7189963 0.7197208 0.720699 0.7224175
0.721326 0.7208553 0.7228475 0.7227389 0.7231737
0.7212392 0.719529 0.718667 0.7173817 0.7167066
0.7182462 0.7164388 0.7164784 0.7145656 0.7155397
0.7172745 0.71662 0.7149341 0.7153775 0.7147968
0.714729 0.7136172 0.7123737 0.7140014 0.7144337
0.7149698 0.7136143 0.7147774 0.7142571 0.7152037
0.7143419 0.7142432 0.7125549 0.713293 0.7141995
0.7143418 0.7140316 0.7155698 0.7167104 0.7178697
0.718663 0.7175165 0.7173855 0.7182296 0.7198314
0.7215017 0.7211812 0.7225726 0.7229592 0.7209552
0.719034 0.7195568 0.7176247 0.7191777 0.7199467
0.721228 0.7209918 0.7219174 0.722749 0.721052
0.7196017 0.7202386 0.7222042 0.7219852 0.72297
0.721032 0.720429 0.7199635 0.7204168 0.7205394
0.7213285 0.722964 0.7231665 0.7233155 0.72478
0.7244209 0.7248984 0.723996 0.7229145 0.7245605
0.7226511 0.7231783 0.7232091 0.72406 0.72282
0.7237192 0.7250716 0.7268749 0.7270117 0.7272178
0.7275376 0.7276654 0.7269875 0.7270653 0.7284554
0.7279866 0.7265207 0.7263239 0.7275662 0.727424
0.7281096 0.7265979 0.7258978 0.7270059 0.7250377
0.7237665 0.724901 0.7260876 0.7265257 0.7268417
0.7271681 0.726819 0.7278357 0.7284087 0.7290275
0.7278772 0.7291311 0.727589 0.7263653 0.7269022
0.7272774 0.7282283 0.7289918 0.7301351 0.728235
0.7297545 0.7295523 0.7292992 0.7307764 0.7296042
0.7290613 0.727554 0.7270641 0.7263046 0.7262852
0.7258524 0.726519 0.7262792 0.7270089 0.7260035
0.7278694 0.7258999 0.7257148 0.723949 0.725187
0.7239063 0.7258336 0.7277131 0.7275052 0.7284183
0.7291503 0.7283562 0.7291976 0.7282504 0.728421
0.7280257 0.7295022 0.729932 0.7307854 0.7302713
0.7294813 0.7290674 0.7286566 0.7290908 0.7287769
0.7288414 0.7288212 0.7293882 0.7297722 0.7316998
0.7305666 0.7292733 0.7289784 0.7300583 0.7300583
0.73193 0.7337553 0.7337553 0.7332989 0.7324679
0.7310156 0.7318414 0.7335562 0.7328242 0.7324979
0.73337 0.7334517 0.7329126 0.7317911 0.7314928
0.7317406 0.730659 0.731314 0.7312245 0.7315104
0.7327408 0.7340652 0.7337882 0.7354569 0.7345338
0.735636 0.7373826 0.737027 0.7356275 0.7369933
0.7386466 0.7380698 0.7364477 0.7370644 0.7361351
0.7361045 0.7375625 0.736642 0.7347779 0.734301
0.7340095 0.7338437 0.733232 0.733229 0.7337208
0.7337813 0.7333092 0.7337158 0.7329846 0.7346901
0.7362526 0.7359073 0.737287 0.7387197 0.7378273
0.7377858 0.7366632 0.7382781 0.7398386 0.7393825
0.7390944 0.7392614 0.738407 0.7389148 0.7405507
0.738791 0.739192 0.7390449 0.7402453 0.742106
0.7411754 0.7396055 0.7407533 0.7426487 0.7425256
0.7421815 0.740447 0.739467 0.7379262 0.7396728
0.7398911 0.7406345 0.7390984 0.7385604 0.7396274
0.7405609 0.7410295 0.7428529 0.7435791 0.7438826
0.7435138 0.7430553 0.7425306 0.7426219 0.7432988
0.7441525 0.7433149 0.7433584 0.7446285 0.7441821
0.7443873 0.7458451 0.7444601 0.746311 0.7445982
0.744658 0.7464532 0.7476806 0.7476806 0.7485918
0.748534 0.7492213 0.7505133 0.7518039 0.7507433
0.7514242 0.7502372 0.7509863 0.7525526 0.7520252
0.752766 0.7514986 0.7519115 0.7526268 0.7515997
0.7499249 0.7503526 0.7501944 0.74995 0.7499126
0.7514774 0.7508069 0.7520856 0.7533702 0.7536553
0.7536523 0.755328 0.7534796 0.7536734 0.7547136
0.7534426 0.7546222 0.7529386 0.751572 0.7531319
0.7546124 0.7542888 0.7524673 0.7512224 0.7505512
0.7493155 0.7484188 0.7502287 0.7509149 0.751315
0.7515356 0.7530012 0.7521403 0.7526027 0.752265
0.7509206 0.7501903 0.749471 0.7492699 0.7480554
0.7488945 0.7498666 0.7516232 0.7505455 0.7491449
0.7505212 0.7490775 0.7486273 0.749671 0.7480731
0.7480391 0.7494866 0.751325 0.7503847 0.7506589
0.7516802 0.7509694 0.7511603 0.75213 0.752697
0.7540128 0.752228 0.7510028 0.751044 0.7522084
0.7521207 0.7539555 0.7534883 0.7546687 0.7562641
0.7563221 0.7579442 0.759408 0.759408 0.7603134
0.7612905 0.7623743 0.7628001 0.7615948 0.7624591
0.7609065 0.7591823 0.7609148 0.7621613 0.7612348
0.7630462 0.7642225 0.765348 0.7643085 0.762555
0.7607862 0.7603264 0.7596026 0.7596917 0.759925
0.7605197 0.7604573 0.7615502 0.7616719 0.7628361
0.7629017 0.7622277 0.7629139 0.7644314 0.762941
0.7618026 0.7616435 0.7627533 0.7613458 0.76308
0.7618294 0.7606848 0.7599811 0.7591654 0.7588953
0.7592793 0.7598657 0.7597124 0.7592876 0.7589851
0.760381 0.7591065 0.7597251 0.7611156 0.7611156
0.7619035 0.7601117 0.7598484 0.7614268 0.7603876
0.7599409 0.7588705 0.7576478 0.7569221 0.7566449
0.755532 0.7557046 0.755508 0.7542435 0.7530615
0.7541331 0.7539481 0.7536265 0.7537627 0.7547712
0.75535 0.755189 0.7566783 0.7573172 0.7573172
0.7560854 0.754534 0.7545679 0.7529148 0.7545602
0.7543968 0.7535585 0.7533474 0.7535926 0.755347
0.7541696 0.755903 0.754819 0.7549016 0.7543892
0.7544131 0.7532058 0.7544155 0.7547269 0.7561133
0.7555243 0.7560831 0.7565892 0.7556458 0.7565922
0.7573755 0.7586036 0.7599014 0.760997 0.762564
0.7616836 0.7605018 0.7618815 0.7616622 0.7618959
0.7622388 0.7623122 0.7609253 0.7601369 0.7602465
0.7589491 0.7592784 0.7582303 0.7566876 0.758084
0.7585078 0.7576 0.75842 0.759925 0.759066
0.7596984 0.758175 0.7587323 0.75878 0.7586268
0.758635 0.7599968 0.7604371 0.7602215 0.7620349
0.7611485 0.7620988 0.76357 0.7629505 0.7612546
0.7612546 0.7630583 0.7630287 0.7626013 0.7635787
0.7620703 0.7631115 0.7619835 0.7619835 0.7626524
0.7630577 0.7614735 0.7609201 0.7606551 0.761259
0.7616756 0.7608378 0.7620815 0.7622242 0.7628728
0.7637708 0.762304 0.7626646 0.7625864 0.7642872
0.7648713 0.7655677 0.7652002 0.7656945 0.7651936
0.763816 0.763609 0.7648792 0.7660041 0.7677835
0.7695315 0.7697701 0.7704708 0.769905 0.7711515
0.7719396 0.7707462 0.7693619 0.7692105 0.7698456
0.7690626 0.7695996 0.7697746 0.7701532 0.771301
0.772651 0.771073 0.7722429 0.7713911 0.7730174
0.7717084 0.7707229 0.7695098 0.769456 0.7703898
0.7696367 0.7696087 0.7691572 0.7682328 0.7690038
0.7694285 0.770907 0.771876 0.7710666 0.7715134
0.7729098 0.7713731 0.7719406 0.7726583 0.7736653
0.774808 0.7744238 0.7740592 0.7740592 0.7756786
0.7769256 0.7759996 0.776905 0.7763008 0.7772115
0.7766519 0.7764625 0.7757544 0.7744435 0.7758612
0.7751525 0.775663 0.7742167 0.7752212 0.776088
0.7749065 0.7744186 0.7734008 0.7750259 0.7755062
0.7771755 0.7754426 0.7761782 0.7772995 0.7787061
0.7782317 0.7782317 0.7778393 0.7780899 0.7767381
0.7768282 0.7760403 0.7754893 0.7754168 0.7758935
0.7751381 0.7757132 0.7770786 0.776513 0.7757012
0.7762596 0.7762596 0.7770077 0.776502 0.7753733
0.7766392 0.7782785 0.7797713 0.7791458 0.7774246
0.7769681 0.7783026 0.7773959 0.7756768 0.7764864
0.7770717 0.7787436 0.7792946 0.7799373 0.7810712
0.7794724 0.778762 0.7798467 0.781556 0.7807091
0.780666 0.780759 0.7818742 0.78018 0.7811333
0.7811563 0.7799465 0.78064 0.7816511 0.7812924
0.7798937 0.7811683 0.7828481 0.7842766 0.7839275
0.7826199 0.7815042 0.7802815 0.7819872 0.7806588
0.7789996 0.7798977 0.7784871 0.7774674 0.7758054
0.7757819 0.7751944 0.774848 0.7765307 0.7776143
0.778872 0.7782567 0.777734 0.7780082 0.7791979
0.7782813 0.7794224 0.7782058 0.7773662 0.7778985
0.7781921 0.7794598 0.7807607 0.7808485 0.7821227
0.7814588 0.7829109 0.7823562 0.7825155 0.7814608
0.7802383 0.781877 0.781845 0.781845 0.782182
0.7805145 0.7816798 0.7830852 0.7817931 0.7807283
0.7821285 0.7813785 0.780098 0.7797298 0.779422
0.7804737 0.7809044 0.7798319 0.780289 0.7815013
0.7822819 0.7823298 0.78228 0.7828341 0.781563
0.783166 0.7819566 0.7808332 0.7799454 0.7782453
0.777151 0.777464 0.7775346 0.7775346 0.7781894
0.7796063 0.7802056 0.7813837 0.7823782 0.7821105
0.7827112 0.7828494 0.7830254 0.784363 0.7851079
0.784496 0.784805 0.783898 0.7852823 0.7854816
0.7851957 0.7846597 0.7850691 0.7846948 0.7844936
0.7828125 0.783711 0.7832576 0.7841762 0.7834307
0.782484 0.7814869 0.7826099 0.7829758 0.7815301
0.7812338 0.7797533 0.7782736 0.7774576 0.7761699
0.7746534 0.7739934 0.7751398 0.7735789 0.77205
0.7725948 0.7738631 0.7755666 0.7746187 0.7737201
0.7729906 0.7730552 0.7732038 0.772706 0.7721107
0.7717203 0.7733272 0.7740014 0.7748673 0.7759484
0.7766584 0.7750645 0.7752936 0.7769729 0.7773963
0.7761958 0.7758455 0.7752957 0.776632 0.7765731
0.7761512 0.7776745 0.7774497 0.7782515 0.7768415
0.7776968 0.7767258 0.778205 0.7785023 0.7796605
0.7791425 0.7801097 0.778868 0.7775332 0.7762942
0.7755387 0.7771438 0.7756162 0.7743329 0.7743329
0.7749932 0.775807 0.7761752 0.7771714 0.7763673
0.7771933 0.7766491 0.7771305 0.777495 0.7760017
0.7760058 0.7763727 0.7770757 0.7766423 0.7775493
0.7782869 0.7798473 0.7785652 0.7791434 0.7785206
0.7769233 0.7769542 0.7753838 0.7764912 0.7765036
0.7781679 0.7790341 0.7796306 0.7812576 0.7802572
0.7808307 0.7793947 0.7778903 0.7769332 0.778241
0.777188 0.7778478 0.7784633 0.7780775 0.7780775
0.7767546 0.7768682 0.7785318 0.7790673 0.777617
0.7768008 0.7765781 0.7753157 0.7735751 0.773522
0.7749268 0.7734995 0.7734995 0.7733267 0.7735486
0.7735092 0.7724408 0.7726286 0.7721134 0.7714813
0.7727323 0.772391 0.7706803 0.771224 0.770571
0.770571 0.7689852 0.770465 0.769753 0.7698727
0.77108 0.7720899 0.770401 0.771722 0.7706374
0.7723484 0.771907 0.7732656 0.7728463 0.7731172
0.7718578 0.7719738 0.7709396 0.7714374 0.7716252
0.7714885 0.7718556 0.7710259 0.7710259 0.7712273
0.7710316 0.7714628 0.769882 0.7705545 0.7700599
0.7700599 0.7691007 0.7708315 0.7693858 0.7679328
0.7680413 0.7671803 0.767778 0.7688285 0.7672147
0.7675215 0.7659494 0.7677227 0.7667646 0.7657707
0.7641839 0.7657689 0.7640885 0.7625054 0.7617693
0.7603665 0.759512 0.7577521 0.7594872 0.7582948
0.7594843 0.7581185 0.759535 0.7594687 0.7596943
0.7589815 0.7597613 0.7601651 0.7606169 0.760589
0.7616905 0.7610927 0.7624235 0.7614742 0.761577
0.7618731 0.7605332 0.7604352 0.761654 0.7613762
0.7619195 0.7606835 0.76156 0.7606852 0.7591562
0.7574961 0.7578034 0.7561034 0.754719 0.7548787
0.756312 0.7566451 0.7579745 0.7570538 0.7552367
0.7559074 0.7557407 0.7556105 0.7560469 0.7551582
0.7536192 0.7543788 0.7532487 0.7534373 0.75465
0.7552525 0.7570243 0.7553304 0.7559039 0.756679
0.7571091 0.7578546 0.7569655 0.7581066 0.7567947
0.7583476 0.7586087 0.7600615 0.7605639 0.7594179
0.7599878 0.7617423 0.761627 0.761421 0.7620936
0.7620337 0.7611464 0.7604802 0.7607975 0.7615033
0.7624217 0.7621185 0.7623809 0.7615237 0.7628526
0.761564 0.7603217 0.7603217 0.7613169 0.7599043
0.7598438 0.7609636 0.7623371 0.7613395 0.7599157
0.7608321 0.7600752 0.758892 0.7575353 0.7585694
0.758819 0.7573906 0.7557618 0.7575168 0.7572385
0.7582463 0.7589952 0.7580467 0.7562667 0.7575921
0.759109 0.7594101 0.7590318 0.7586139 0.7602341
0.7590984 0.7596064 0.7583147 0.758899 0.7592817
0.75822 0.7565529 0.7547906 0.7561926 0.7547957
0.7531428 0.751336 0.7531681 0.7547236 0.756235
0.7574907 0.7592564 0.758603 0.758603 0.759726
0.761336 0.7606775 0.760289 0.7609232 0.7596352
0.7581533 0.7574342 0.756582 0.7567977 0.7557784
0.7561717 0.7546727 0.7533057 0.754577 0.7532274
0.752539 0.752183 0.7513214 0.7503916 0.7499373
0.7496955 0.7484544 0.7495025 0.7500495 0.7507961
0.7506496 0.7504853 0.7490988 0.7479542 0.7494815
0.7477066 0.7470364 0.7488188 0.748558 0.7469787
0.7484758 0.7483865 0.7468827 0.747893 0.7494857
0.7501372 0.7485863 0.749715 0.7489848 0.7505053
0.7504042 0.7506615 0.7519312 0.7528219 0.7528692
0.7514535 0.7510915 0.7522708 0.7534964 0.7541898
0.753119 0.7542908 0.7531994 0.7546489 0.7530031
0.7543548 0.7537083 0.7526242 0.7510282 0.7524594
0.7522901 0.7510453 0.7493744 0.7504183 0.7508264
0.7496595 0.7481108 0.7470516 0.7487791 0.7478344
0.7460027 0.7476852 0.7479944 0.7466024 0.7476816
0.7463134 0.7470535 0.7452269 0.7469521 0.7466769
0.745917 0.7445632 0.7464116 0.7482377 0.7485001
0.7470666 0.7484834 0.7501705 0.7493313 0.7504876
0.7497205 0.7490432 0.7506522 0.7503521 0.7493371
0.7481652 0.7473586 0.7461297 0.7460151 0.745241
0.7446358 0.7447099 0.7453425 0.7446176 0.7429746
0.7436999 0.7426316 0.7416488 0.7408304 0.7412856
0.742859 0.7414244 0.7431179 0.745004 0.7450238
0.7433452 0.7444102 0.7451869 0.745859 0.7443997
0.7442925 0.7429444 0.744718 0.7458559 0.7440682
0.7446539 0.7429941 0.7426925 0.7421784 0.7438497
0.7435603 0.7416619 0.7404988 0.7406688 0.7408535
0.7403231 0.7384011 0.7391279 0.7402555 0.7392042
0.737843 0.7361944 0.7378494 0.7363865 0.736568
0.7375755 0.7359962 0.7377613 0.7359773 0.736141
0.7357295 0.7340322 0.7344969 0.7352014 0.73612
0.7375267 0.7387988 0.7368765 0.738632 0.7369492
0.7368928 0.7364692 0.7347032 0.7334851 0.7322022
0.7341334 0.7342464 0.734713 0.7341122 0.7353637
0.7371855 0.7360427 0.736548 0.7360314 0.7370812
0.7374411 0.7391547 0.7395758 0.7395531 0.7392997
0.7374885 0.7379656 0.7390223 0.7372238 0.7369196
0.7380115 0.7375944 0.7362626 0.7352852 0.7346175
0.7360008 0.7341553 0.7359089 0.7366355 0.7354277
0.7356574 0.7359302 0.735029 0.7366596 0.7381841
0.7388558 0.73883 0.7403049 0.7393783 0.7378934
0.7396059 0.7405337 0.739313 0.738536 0.736802
0.7380144 0.7392285 0.7373857 0.7377232 0.7368373
0.7387502 0.7377193 0.7384389 0.7381923 0.7394248
0.7382308 0.7388516 0.7390788 0.7402341 0.7389383
0.7399977 0.7392796 0.7396068 0.7397601 0.7411612
0.7419805 0.7408865 0.7420404 0.7428586 0.7440826
0.7455303 0.7437635 0.7442496 0.7428398 0.7414544
0.7413018 0.740277 0.7413361 0.7395436 0.7385075
0.7374192 0.7355866 0.7369464 0.7356922 0.7361538
0.7360274 0.7376137 0.7383895 0.7387239 0.7378713
0.737752 0.7364034 0.7375973 0.7372263 0.7355353
0.7358345 0.7342182 0.7326604 0.732315 0.7333257
0.7332846 0.7326457 0.7326492 0.7326388 0.7329558
0.7323855 0.7315291 0.7334412 0.7330196 0.7314127
0.7305213 0.7288789 0.7281142 0.7292348 0.7273441
0.7267172 0.7286986 0.7276597 0.7286506 0.7297901
0.7283743 0.7300626 0.730916 0.7325657 0.7326433
0.7332267 0.7320213 0.7314318 0.731657 0.7315146
0.729751 0.7293852 0.7284038 0.7301911 0.7300115
0.7284836 0.7298316 0.730775 0.7295731 0.7282141
0.726307 0.7245506 0.7251277 0.7246191 0.7236883
0.7229381 0.7246592 0.7231362 0.7231362 0.7244045
0.7235411 0.7216377 0.7208806 0.7220128 0.7223044
0.7240171 0.724989 0.7242621 0.7256617 0.7252607
0.7262966 0.7274722 0.729057 0.7279955 0.728501
0.7295202 0.7292556 0.7298726 0.7311951 0.7329835
0.7326187 0.7319084 0.732994 0.7316535 0.7327058
0.7316707 0.733426 0.7339973 0.733168 0.733763
0.7319923 0.731394 0.7294662 0.7312527 0.7297174
0.7297892 0.7284127 0.7292796 0.7309616 0.7326105
0.7338844 0.7355803 0.7361215 0.7377638 0.7384805
0.7367161 0.7348374 0.734083 0.7334296 0.7328546
0.7309749 0.7292843 0.7290656 0.7277135 0.7273436
0.7273772 0.7277244 0.726513 0.7252313 0.7259716
0.7264482 0.7276428 0.725693 0.7240731 0.7244988
0.7227558 0.7229607 0.7245052 0.7253875 0.7271523
0.7272923 0.7273965 0.7279024 0.7282302 0.7283845
0.7285256 0.7298684 0.7310974 0.7309032 0.7318427
0.7317964 0.7323017 0.7332853 0.7349272 0.7332117
0.7329125 0.731747 0.7303223 0.7312535 0.7314087
0.7329242 0.7333678 0.7344789 0.7337127 0.7349688
0.7340336 0.735046 0.7355403 0.7357152 0.7341263
0.7339593 0.7327943 0.7317677 0.7323851 0.7334169
0.734286 0.7355002 0.7359089 0.7349743 0.7345665
0.7339608 0.7332438 0.7325987 0.7341746 0.734948
0.7353449 0.7345591 0.7335789 0.7323126 0.7325528
0.7326991 0.7321654 0.7332779 0.7338983 0.7325901
0.7341732 0.7351392 0.736137 0.7343297 0.7358624
0.7359923 0.7363584 0.734538 0.7354475 0.7350458
0.7331859 0.7334492 0.732015 0.730806 0.732198
0.7302783 0.7301158 0.729779 0.7285139 0.7276064
0.727694 0.7257968 0.7266368 0.7247376 0.7260475
0.7243333 0.7261589 0.7272878 0.7262928 0.7268145
0.7270812 0.7289597 0.7278862 0.7290164 0.7303021
0.7284398 0.72812 0.72812 0.7286695 0.7303363
0.7290432 0.7307711 0.729334 0.728399 0.7302347
0.7310711 0.7298885 0.7315767 0.7319423 0.7335484
0.7324357 0.7324017 0.7339945 0.7349988 0.7357821
0.7371428 0.7372439 0.7377827 0.7369542 0.7376693
0.7383799 0.7383475 0.7383475 0.7378145 0.7383658
0.7398755 0.7383897 0.7375418 0.736708 0.7385875
0.7404645 0.740187 0.7393336 0.737985 0.7370856
0.7380833 0.7373366 0.7365934 0.7347242 0.7341811
0.7352626 0.737046 0.7355139 0.7350812 0.7337993
0.734876 0.7366194 0.7359398 0.7374888 0.7382848
0.7387384 0.7375121 0.7364786 0.7347222 0.7347222
0.7329602 0.7342444 0.7355811 0.735909 0.7344647
0.7325959 0.7317488 0.7309793 0.7313246 0.7328324
0.7313109 0.7301344 0.7295066 0.7308638 0.7308933
0.7302969 0.7314689 0.73111 0.7306511 0.7306511
0.7287747 0.7280857 0.726536 0.7261954 0.7254628
0.7260732 0.7278745 0.727308 0.72832 0.7264672
0.728214 0.7267611 0.7270286 0.7280037 0.7285677
0.730516 0.730516 0.730516 0.7287673 0.7284368
0.730382 0.728927 0.7295019 0.7313405 0.7302905
0.7298826 0.729009 0.7283145 0.7285124 0.7270254
0.7274966 0.7256402 0.7263101 0.7249209 0.7261531
0.7260687 0.726476 0.7281546 0.728057 0.7297501
0.7287915 0.7296016 0.7282032 0.7277833 0.7278804
0.7297244 0.7291763 0.7303519 0.7306101 0.7315769
0.7323612 0.7342591 0.7324212 0.7334304 0.732563
0.7318582 0.733162 0.733535 0.7332729 0.7318244
0.731864 0.733381 0.7323 0.7323898 0.7325842
0.7338113 0.7352546 0.7342127 0.7348966 0.7362133
0.7373725 0.736154 0.7361533 0.7363513 0.738098
0.7399148 0.7392078 0.7393204 0.7393204 0.7384719
0.7401211 0.740112 0.7410068 0.7413308 0.7407516
0.740919 0.7413181 0.7415526 0.7398948 0.7413286
0.7423142 0.7439445 0.7429027 0.7420525 0.7431625
0.7444809 0.7456626 0.7437699 0.7445703 0.746162
0.7479133 0.7467419 0.7476842 0.74758 0.7493042
0.7493108 0.7501474 0.7503227 0.749229 0.7494015
0.7496478 0.7502206 0.7502154 0.7508905 0.7513153
0.7527922 0.7533961 0.7533541 0.7532301 0.7523304
0.7526027 0.7538544 0.753974 0.7556943 0.7538585
0.7554737 0.756025 0.7560134 0.7544816 0.7527965
0.7527627 0.751163 0.7498094 0.7499459 0.7487944
0.748005 0.748367 0.7475869 0.7464469 0.7451422
0.7466755 0.7450241 0.7451444 0.7451309 0.7463882
0.7451535 0.7449868 0.7445533 0.7427586 0.7414109
0.739853 0.7406651 0.7410798 0.7426136 0.7429356
0.7428206 0.7427377 0.7430394 0.7441338 0.7441428
0.7451283 0.7448489 0.7454921 0.745404 0.7466976
0.7449784 0.7453164 0.7468628 0.745875 0.7443164
0.7444328 0.7435234 0.7445289 0.7445019 0.7435626
0.7421965 0.7417196 0.7410705 0.7429418 0.7422598
0.7417804 0.7407898 0.7398475 0.7414301 0.7402265
0.7412563 0.7411781 0.7404634 0.7410115 0.7400413
0.7390295 0.7384653 0.7382595 0.7398636 0.7385408
0.7379915 0.7378836 0.7396203 0.7382314 0.74
0.7393156 0.737876 0.7384524 0.7398548 0.7392725
0.7376014 0.7371693 0.7378942 0.737772 0.7374322
0.7375676 0.7369035 0.7357154 0.7371101 0.7385119
0.739071 0.7399919 0.7384133 0.7381642 0.7365769
0.7361241 0.7355618 0.7345539 0.7350121 0.7335255
0.7333438 0.7318268 0.7308202 0.7288677 0.7284492
0.7272399 0.7283082 0.7280984 0.7298284 0.7308664
0.7323032 0.7313782 0.7296226 0.7286296 0.72987
0.7295818 0.727654 0.7267092 0.7254286 0.7240135
0.7231704 0.7241087 0.7248651 0.723682 0.7244906
0.7238787 0.725449 0.7259873 0.7272691 0.7283394
0.7293191 0.7277825 0.7269163 0.7271012 0.7253084
0.7266941 0.7271572 0.7259528 0.7274927 0.7293464
0.7284115 0.7295372 0.7293871 0.7295894 0.7280438
0.7294745 0.7308161 0.7311605 0.7328898 0.7329162
0.7311478 0.731688 0.7332495 0.7341601 0.735241
0.7336333 0.7343856 0.7354316 0.7335002 0.732261
0.7329522 0.7325496 0.7344237 0.7351218 0.7366499
0.7374201 0.738711 0.7397023 0.7394014 0.739698
0.7394295 0.739757 0.7403511 0.7401828 0.7417043
0.7432844 0.7427588 0.7422026 0.7416718 0.7434621
0.7422829 0.7412462 0.7423183 0.7405745 0.738834
0.737001 0.7379428 0.7381037 0.737802 0.7389872
0.7387962 0.7397855 0.7404341 0.7390157 0.7380169
0.7378423 0.7397198 0.740446 0.7386002 0.7389916
0.7396637 0.7412048 0.741909 0.742511 0.7410435
0.7402549 0.7400564 0.7415952 0.7412038 0.7413043
0.740569 0.7386843 0.7399852 0.7417946 0.7402958
0.7387215 0.739263 0.7373502 0.7390828 0.7383575
0.7376559 0.7365551 0.7353463 0.7346616 0.734805
0.733869 0.735703 0.7354871 0.7371784 0.7372119
0.7384974 0.7393405 0.7392662 0.7411714 0.7404794
0.7422689 0.7432574 0.7421518 0.7436349 0.7441339
0.744639 0.7458877 0.7457768 0.7463524 0.7449596
0.7432065 0.7443662 0.742729 0.7414321 0.740077
0.7402618 0.7406006 0.7415281 0.7423079 0.7432338
0.7419857 0.7415018 0.7409827 0.7399605 0.7399119
0.7404382 0.74186 0.7414782 0.7401615 0.741446
0.7422839 0.7430872 0.7447101 0.745168 0.7465054
0.7483475 0.7473796 0.7461632 0.7452649 0.7452649
0.7447282 0.7430715 0.7439808 0.743066 0.74457
0.7461755 0.7464803 0.7470057 0.748789 0.7471843
0.7478387 0.7468174 0.7456004 0.7450972 0.7440016
0.7424824 0.74167 0.7423888 0.7407379 0.741424
0.7415667 0.7399853 0.7414459 0.740436 0.7402694
0.7398469 0.7393218 0.7399648 0.7417573 0.7399826
0.7407052 0.7410689 0.740403 0.7389579 0.7398678
0.7414455 0.7406389 0.7396054 0.7391215 0.740172
0.7390754 0.740917 0.739015 0.7376816 0.7393847
0.7410927 0.7399869 0.7409588 0.7424581 0.7418023
0.7413132 0.7427114 0.741892 0.742842 0.741584
0.743365 0.7427015 0.7425073 0.744194 0.7433385
0.7443725 0.7446573 0.7428698 0.7412906 0.7401806
0.7412498 0.7431298 0.7439871 0.7433524 0.7424027
0.7436438 0.7438984 0.7439305 0.7446793 0.743148
0.7441121 0.7429993 0.7425102 0.742736 0.7423683
0.7404678 0.7392085 0.7409957 0.7392199 0.738877
0.738877 0.739925 0.7402346 0.7407094 0.7388053
0.7396538 0.741504 0.742257 0.7424103 0.7422009
0.7421869 0.7436608 0.7446067 0.7462882 0.7473337
0.7488737 0.7491644 0.7491615 0.747748 0.7489922
0.7501567 0.7512409 0.7505697 0.7518617 0.7532928
0.7537851 0.752465 0.7520472 0.7528668 0.75219
0.7511765 0.7527885 0.7528229 0.7517579 0.7523665
0.7531675 0.7540494 0.754731 0.7539408 0.7524276
0.7529265 0.753099 0.753099 0.7547594 0.7533437
0.7548571 0.756119 0.7551333 0.7561552 0.756125
0.7570501 0.7582136 0.7583222 0.759277 0.7581234
0.7564606 0.7559816 0.7559975 0.7566871 0.755679
0.7569149 0.7581213 0.7578137 0.7596041 0.7603681
0.7599052 0.7609477 0.7613782 0.7616066 0.7599939
0.7615143 0.7628799 0.7614408 0.7599352 0.7614102
0.761032 0.7594268 0.7589463 0.7592728 0.7588931
0.7586746 0.7569613 0.7578885 0.7578172 0.7583498
0.7588755 0.7577781 0.7581879 0.7581627 0.7588906
0.7573787 0.7563962 0.7559905 0.7571971 0.7582551
0.7584477 0.757322 0.7585485 0.7585975 0.757682
0.7582369 0.7582369 0.7569618 0.7572386 0.7582034
0.7574448 0.7577387 0.7565 0.7551128 0.7544771
0.7529674 0.7534398 0.7552097 0.7553288 0.7561449
0.7556564 0.7544893 0.7553321 0.7544622 0.7536468
0.7538543 0.7541206 0.753394 0.7516267 0.7513487
0.7504792 0.7490012 0.7498837 0.7487693 0.7500745
0.7498497 0.7490858 0.7494507 0.7504656 0.7520224
0.7530242 0.7546753 0.7548456 0.7559072 0.7552539
0.7565868 0.7574076 0.7556367 0.7554462 0.7552683
0.7567161 0.7578828 0.7570755 0.7564608 0.7579754
0.7571355 0.757747 0.7565751 0.7581838 0.7599275
0.7588471 0.7591837 0.7598421 0.758806 0.7576024
0.7581592 0.7594369 0.7577282 0.7569079 0.7585356
0.7599335 0.7615648 0.7621689 0.7610279 0.7627171
0.761179 0.760229 0.7618166 0.7624778 0.7640724
0.764711 0.7639711 0.7628392 0.7639366 0.7654965
0.765852 0.7666876 0.7661546 0.7650298 0.7640075
0.762282 0.7632813 0.7620075 0.7636637 0.7650175
0.7638334 0.7623752 0.7631714 0.7635077 0.764798
0.7633523 0.7633436 0.7640582 0.7626171 0.7618088
0.7624335 0.7641754 0.7629414 0.7633388 0.76435
0.7658358 0.7674172 0.7666764 0.766781 0.7666617
0.7663344 0.7663344 0.7646994 0.7662235 0.765796
0.7659774 0.7671199 0.7665807 0.7654004 0.7655443
0.7637829 0.7632488 0.7635357 0.7632011 0.7640137
0.763039 0.7619216 0.760873 0.7605648 0.7598144
0.7610772 0.7606131 0.7605631 0.7610258 0.7607955
0.7622084 0.7629502 0.7622588 0.7617425 0.7614491
0.7623105 0.7629226 0.7626322 0.7621951 0.7636528
0.7630715 0.7638482 0.7640224 0.7638175 0.7652647
0.765712 0.764546 0.764583 0.764364 0.7643837
0.7652045 0.7662995 0.7678725 0.7663997 0.7673643
0.7682867 0.7676103 0.7687776 0.7688956 0.768648
0.7672465 0.7685074 0.7671074 0.7663065 0.7649445
0.7664654 0.7651578 0.7650843 0.7641018 0.7658801
0.7657546 0.7647495 0.7651221 0.7655213 0.764041
0.7642544 0.7626289 0.7637165 0.7629389 0.7619705
0.7613068 0.7599126 0.761064 0.7623421 0.7608069
0.7622813 0.7606619 0.7607322 0.7591584 0.7573853
0.7559079 0.7554275 0.7541156 0.7541508 0.7526565
0.7521667 0.7512607 0.750548 0.7506052 0.7496044
0.7502074 0.7493288 0.7489553 0.7478583 0.7487065
0.749697 0.7510172 0.7499848 0.751361 0.7522433
0.752416 0.7507073 0.7510025 0.7491767 0.7509997
0.7506602 0.7514656 0.7521998 0.7507447 0.7522208
0.7516541 0.7530418 0.7530151 0.7519301 0.751097
0.749771 0.7504737 0.7504737 0.7511547 0.7516384
0.751368 0.7528061 0.751587 0.751587 0.7514122
0.7530488 0.7524505 0.7515467 0.7506121 0.751581
0.7512003 0.7501358 0.749759 0.7515014 0.7510065
0.7497939 0.7497939 0.7483291 0.7486851 0.7473419
0.7459038 0.7469909 0.7459082 0.7465733 0.7470017
0.7480407 0.7492337 0.750352 0.7515855 0.7501611
0.7511297 0.7513491 0.7505343 0.7504103 0.7491133
0.7501052 0.7488155 0.7506029 0.7515132 0.7513111
0.7515089 0.7513749 0.7521909 0.752668 0.7512247
0.750744 0.7502932 0.7496966 0.7502993 0.74913
0.7496795 0.7481855 0.746427 0.7453965 0.7470418
0.7469415 0.746994 0.7475081 0.7456804 0.7442922
0.7459251 0.7477756 0.7473804 0.7480616 0.7474448
0.7462524 0.7468657 0.7452244 0.7470923 0.746015
0.7461588 0.7474233 0.7455608 0.7457055 0.7468938
0.7465372 0.746563 0.7453428 0.7435487 0.7445977
0.7445891 0.745327 0.7457573 0.7476328 0.7466253
0.74644 0.7445508 0.7445903 0.7437135 0.7443569
0.7454799 0.7472213 0.7456682 0.7473323 0.7469059
0.7478454 0.7487297 0.7488514 0.7502857 0.7493829
0.7497784 0.7479452 0.7464307 0.748095 0.7474308
0.7461039 0.7457308 0.7461543 0.7477083 0.7458871
0.7458901 0.7453434 0.7471819 0.7475318 0.748185
0.7493299 0.7497124 0.748645 0.7475717 0.7470847
0.7474321 0.7462289 0.7472182 0.7483314 0.749098
0.7505972 0.7523718 0.7507455 0.7495778 0.7482231
0.7464568 0.745778 0.7467861 0.745676 0.7444977
0.7461194 0.7461918 0.7445705 0.743387 0.7421963
0.7408291 0.7424701 0.7408236 0.7400929 0.7392347
0.7408106 0.7419773 0.742083 0.7406945 0.7418424
0.7410081 0.7423242 0.7426878 0.7418805 0.7401132
0.7407015 0.7402768 0.73993 0.7411013 0.7428618
0.7413025 0.7408522 0.7414636 0.743019 0.7438147
0.7450347 0.7446401 0.7457082 0.7460857 0.7472481
0.7457148 0.7472742 0.7485496 0.7479305 0.7491801
0.7489667 0.749988 0.7516354 0.7504142 0.7511709
0.7515766 0.751533 0.7516912 0.7526758 0.7512377
0.7520758 0.7523545 0.7531229 0.7526343 0.7533228
0.7523143 0.7536411 0.7539584 0.7557905 0.7569253
0.7566732 0.758193 0.7593019 0.7603157 0.7600976
0.7584678 0.7598154 0.75956 0.7598576 0.7597102
0.7602015 0.7600812 0.7590258 0.7573832 0.7565479
0.7582575 0.7569783 0.7582361 0.7590269 0.7603008
0.7598637 0.7594065 0.7581245 0.7585385 0.7576511
0.7563597 0.755167 0.7548413 0.7555237 0.7549036
0.7536383 0.7545147 0.7530501 0.7535738 0.7517456
0.7510492 0.751639 0.7498993 0.7510822 0.7526962
0.7512042 0.7513877 0.7504574 0.7509295 0.7507871
0.7526181 0.7517157 0.7515915 0.7514269 0.753245
0.7537003 0.7521892 0.7532837 0.7525341 0.7532255
0.7537539 0.7549799 0.7557446 0.7557678 0.754467
0.7538901 0.7539086 0.7523232 0.7523559 0.7529191
0.7534144 0.7526009 0.7526664 0.7513123 0.7507595
0.749143 0.7484453 0.74775 0.7474304 0.7461573
0.7461898 0.7454799 0.7467712 0.748577 0.7502614
0.7492807 0.7508361 0.7524873 0.7514731 0.7528583
0.7542145 0.7545811 0.7533902 0.7537232 0.7555519
0.754225 0.752976 0.7527356 0.7529763 0.753517
0.7541138 0.7534883 0.754263 0.754789 0.7554576
0.7558422 0.7560319 0.7550235 0.7554182 0.753641
0.7553592 0.7565191 0.7567625 0.7564791 0.757894
0.7576714 0.7580296 0.7577583 0.7583534 0.7579904
0.7564881 0.7563877 0.7562309 0.75489 0.753167
0.7529599 0.7545803 0.754664 0.7542829 0.7535398
0.7519506 0.7519202 0.7513136 0.7501754 0.751514
0.7528311 0.7539371 0.7541202 0.7549042 0.7539177
0.7528969 0.7534863 0.7546289 0.7545873 0.7535465
0.7520774 0.752027 0.7525529 0.7533511 0.7536312
0.7519058 0.7509583 0.7522155 0.7521683 0.7510992
0.7511158 0.7513498 0.7506306 0.7514447 0.7517415
0.7502589 0.7496014 0.7500058 0.7513153 0.7513153
0.7497421 0.7495518 0.7508253 0.7506855 0.7489068
0.7477652 0.7475229 0.7488365 0.7469843 0.7484421
0.7473057 0.7482533 0.7472165 0.7456478 0.746563
0.7480889 0.7497344 0.7495195 0.7478591 0.7491706
0.7488042 0.7488476 0.7491645 0.748755 0.7486095
0.7474893 0.7464735 0.7446819 0.7447698 0.7437698
0.745527 0.7462182 0.7469494 0.7452409 0.7458803
0.7452618 0.7458574 0.7470149 0.7461816 0.7473042
0.7489388 0.750791 0.751467 0.7511486 0.750378
0.75015 0.7486609 0.7474394 0.7480209 0.7493274
0.7492147 0.7504084 0.7497979 0.7507947 0.7508584
0.7496237 0.7514162 0.7520209 0.7515119 0.749698
0.7491443 0.7486797 0.7495727 0.750093 0.7488587
0.749592 0.7505577 0.749008 0.74927 0.747806
0.7477468 0.7492824 0.7502552 0.7499949 0.7506323
0.7520709 0.7505699 0.7491059 0.74737 0.7486752
0.7491443 0.7503913 0.7516382 0.749983 0.7510698
0.7503669 0.7506938 0.7519175 0.7513502 0.749492
0.7511666 0.7497494 0.7513121 0.7505506 0.7490438
0.7484762 0.7484762 0.7490478 0.7490722 0.7492754
0.7477797 0.746701 0.7462915 0.7463922 0.7452992
0.744064 0.7448243 0.7430605 0.7414043 0.7428168
0.7446679 0.7458047 0.7458381 0.7445994 0.7448654
0.7440121 0.7435869 0.7451989 0.7434821 0.744176
0.745397 0.746343 0.7464038 0.7481437 0.7465895
0.7478533 0.7482927 0.7468451 0.7454218 0.744967
0.7440542 0.7458076 0.7457787 0.744106 0.7443825
0.7457752 0.7439747 0.7434962 0.7434962 0.7440673
0.7425029 0.7433824 0.7431387 0.7428247 0.7422486
0.7432872 0.7439391 0.7443151 0.7426014 0.7409433
0.7410272 0.7423825 0.7406526 0.740043 0.7382424
0.7369862 0.735875 0.7342205 0.735789 0.7356102
0.7359572 0.7351675 0.7351675 0.7347406 0.7361117
0.7352009 0.7348561 0.7351039 0.7352788 0.735299
0.7350524 0.7358173 0.735509 0.7369671 0.7381243
0.7399685 0.7383712 0.7391519 0.7373406 0.7360784
0.7350046 0.7358264 0.7375831 0.7375831 0.7390477
0.7405742 0.7419303 0.7409036 0.7393943 0.7405763
0.742137 0.7436935 0.7433514 0.7450403 0.746377
0.7467156 0.7481194 0.7473869 0.7491606 0.7496837
0.7490224 0.7494422 0.7507899 0.7494232 0.7507179
0.7498756 0.7482234 0.7479232 0.7468804 0.7451137
0.7450394 0.7438744 0.7448267 0.7443886 0.745941
0.7449746 0.7464867 0.7480548 0.7476656 0.747294
0.7481647 0.7470073 0.7460629 0.744513 0.7458298
0.7443443 0.7432771 0.7422967 0.7412519 0.7395796
0.7397218 0.7396471 0.739987 0.74124 0.7398356
0.741529 0.741125 0.7415341 0.7398348 0.7406456
0.74151 0.7420389 0.7425023 0.742804 0.7442277
0.7435436 0.741786 0.7400982 0.7410856 0.7423044
0.7409686 0.7416679 0.7402219 0.7410595 0.7427248
0.7432857 0.7434529 0.7433614 0.7442758 0.7424964
0.7423316 0.7429872 0.7427117 0.7417601 0.7423258
0.7423594 0.7412717 0.7423195 0.7428236 0.7425095
0.7442638 0.7461134 0.7471971 0.7478996 0.7468923
