Markov Chain 1
0.2 0.5043374 0.5043374 0.5043374 0.3760727
0.7989346 0.7989346 0.7989346 0.7989346 0.9541704
0.9541704 0.9541704 0.9541704 0.9541704 0.9541704
0.9541704 0.9541704 0.9541704 0.9541704 0.9541704
0.9289555 0.9289555 0.9289555 0.9289555 0.9289555
0.9848705 0.9848705 0.9848705 0.9848705 0.9848705
0.9848705 0.9848705 0.9848705 0.9848705 0.9848705
0.9848705 0.9848705 0.9848705 0.9739996 0.9739996
0.9739996 0.9739996 0.9872602 0.9753336 0.9753336
0.9753336 0.9753336 0.9753336 0.9753336 0.9753336
0.9753336 0.9753336 0.9753336 0.9753336 0.9753336
0.9753336 0.9753336 0.9753336 0.9753336 0.9753336
0.9753336 0.9753336 0.9753336 0.9753336 0.9753336
0.9753336 0.9753336 0.9753336 0.9753336 0.9753336
0.9753336 0.9753336 0.9753336 0.9753336 0.9753336
0.9753336 0.9753336 0.9753336 0.9753336 0.9753336
0.9753336 0.9753336 0.9753336 0.9753336 0.9753336
0.9753336 0.9753336 0.9753336 0.9753336 0.9753336
0.9753336 0.9753336 0.9753336 0.9753336 0.9375748
0.9375748 0.9187139 0.6994752 0.6994752 0.6994752
0.5391541 0.5391541 0.6397099 0.6397099 0.6397099
0.6397099 0.6397099 0.6397099 0.6397099 0.8905019
0.8905019 0.8905019 0.8905019 0.8905019 0.8905019
0.9374016 0.9374016 0.9374016 0.9374016 0.9374016
0.9374016 0.9374016 0.9374016 0.9374016 0.9374016
0.9374016 0.9374016 0.9374016 0.9374016 0.9374016
0.9374016 0.9374016 0.9374016 0.9374016 0.9374016
0.9374016 0.9374016 0.9374016 0.9374016 0.9374016
0.9537412 0.9537412 0.9537412 0.9537412 0.9537412
0.9537412 0.9537412 0.9537412 0.8326107 0.8326107
0.8326107 0.886329 0.886329 0.7951878 0.7289934
0.7289934 0.7023577 0.9967996 0.9967996 0.9967996
0.9967996 0.9967996 0.9967996 0.9967996 0.9967996
0.9967996 0.995451 0.995451 0.995451 0.995451
0.995451 0.995451 0.995451 0.995451 0.995451
0.995451 0.995451 0.995451 0.995451 0.995451
0.995451 0.995451 0.995451 0.995451 0.995451
0.995451 0.9920309 0.9920309 0.9920309 0.9920309
0.9920309 0.9920309 0.9920309 0.9920309 0.7776252
0.9231887 0.9231887 0.7681565 0.7681565 0.7681565
0.7681565 0.7681565 0.7681565 0.6722137 0.6722137
0.6722137 0.6722137 0.6722137 0.8467606 0.8467606
0.8467606 0.863878 0.863878 0.863878 0.863878
0.863878 0.9454916 0.9454916 0.9454916 0.9210602
0.9210602 0.951218 0.951218 0.951218 0.951218
0.951218 0.951218 0.951218 0.9383859 0.9383859
0.9383859 0.9383859 0.9383859 0.9801906 0.9801906
0.9801906 0.9801906 0.9801906 0.9801906 0.9801906
0.9801906 0.9801906 0.9801906 0.9801906 0.9801906
0.9801906 0.9801906 0.9801906 0.9801906 0.9801906
0.9801906 0.9801906 0.9801906 0.9801906 0.9801906
0.9798474 0.9798474 0.9798474 0.9798474 0.9798474
0.9798474 0.9798474 0.9798474 0.9798474 0.9798474
0.9798474 0.9798474 0.9798474 0.9028886 0.9028886
0.9028886 0.9028886 0.9028886 0.9028886 0.9028886
0.9028886 0.9028886 0.9028886 0.862644 0.7632076
0.7632076 0.7632076 0.7632076 0.7632076 0.7632076
0.7632076 0.7632076 0.9309918 0.9309918 0.9309918
0.9309918 0.9309918 0.9309918 0.9309918 0.9309918
0.9309918 0.9309918 0.9309918 0.9309918 0.9309918
0.9205082 0.9205082 0.9205082 0.9205082 0.9205082
0.9205082 0.9205082 0.785861 0.9596496 0.9596496
0.9596496 0.9596496 0.9596496 0.9596496 0.9596496
0.9596496 0.7022049 0.7022049 0.7022049 0.7022049
0.7022049 0.7022049 0.9510797 0.9510797 0.9510797
0.9510797 0.9510797 0.9510797 0.9510797 0.9510797
0.9510797 0.9510797 0.9510797 0.9510797 0.8443891
0.8443891 0.7909496 0.7909496 0.7909496 0.7909496
0.7909496 0.9911886 0.9911886 0.9911886 0.9911886
0.9911886 0.9911886 0.9911886 0.9911886 0.9911886
0.9911886 0.9911886 0.9911886 0.9911886 0.9911886
0.9911886 0.9911886 0.9911886 0.9911886 0.9911886
0.9911886 0.9911886 0.9911886 0.9911886 0.9911886
0.9911886 0.9911886 0.9911886 0.9911886 0.9911886
0.9911886 0.9779696 0.9779696 0.9779696 0.9779696
0.9779696 0.9779696 0.9779696 0.9779696 0.9779696
0.9779696 0.7668238 0.7668238 0.9231127 0.9231127
0.9231127 0.9231127 0.9231127 0.9231127 0.9231127
0.8610777 0.8610777 0.8610777 0.8610777 0.8610777
0.8610777 0.8610777 0.8610777 0.8610777 0.9459347
0.9459347 0.9480379 0.9480379 0.9480379 0.9480379
0.9995567 0.9995567 0.9369708 0.9369708 0.9369708
0.9369708 0.9369708 0.9369708 0.9369708 0.9369708
0.9369708 0.9798595 0.9770332 0.9770332 0.9770332
0.9770332 0.9770332 0.9770332 0.9770332 0.9770332
0.9770332 0.9770332 0.9770332 0.9770332 0.9770332
0.641941 0.8470272 0.8353636 0.8353636 0.8353636
0.9103077 0.9103077 0.9103077 0.9103077 0.9103077
0.9103077 0.9103077 0.9103077 0.9103077 0.8470328
0.8470328 0.8470328 0.9515944 0.9712271 0.9712271
0.9712271 0.9712271 0.9712271 0.9712271 0.9712271
0.9471769 0.9471769 0.9905534 0.9905534 0.9905534
0.9905534 0.9905534 0.9905534 0.9905534 0.9905534
0.9905534 0.9905534 0.9905534 0.9905534 0.9905534
0.9905534 0.9905534 0.9905534 0.9905534 0.9905534
0.9905534 0.9905534 0.9905534 0.9905534 0.9637646
0.9637646 0.9637646 0.9637646 0.997178 0.997178
0.997178 0.997178 0.997178 0.997178 0.997178
0.997178 0.997178 0.997178 0.997178 0.997178
0.997178 0.997178 0.997178 0.997178 0.9780648
0.9780648 0.9780648 0.9780648 0.9553777 0.9553777
0.9553777 0.9553777 0.9553777 0.9553777 0.9553777
0.9553777 0.9553777 0.9553777 0.9553777 0.9553777
0.9553777 0.9553777 0.9553777 0.98289 0.98289
0.8971764 0.8971764 0.9539602 0.9539602 0.9539602
0.9539602 0.9539602 0.9539602 0.9539602 0.9539602
0.9539602 0.969076 0.969076 0.969076 0.9500819
0.9500819 0.9500819 0.9500819 0.9500819 0.9500819
0.9500819 0.8224048 0.8224048 0.8043332 0.9612486
0.9612486 0.9612486 0.9612486 0.9612486 0.9612486
0.9612486 0.9612486 0.9612486 0.9612486 0.9612486
0.9612486 0.9612486 0.9612486 0.9990186 0.9990186
0.9990186 0.9990186 0.9990186 0.9990186 0.9990186
0.9990186 0.9990186 0.9990186 0.9990186 0.9990186
0.9990186 0.9990186 0.9990186 0.8803319 0.8803319
0.8803319 0.8803319 0.8803319 0.8574641 0.8574641
0.9208863 0.9208863 0.9208863 0.9208863 0.9858786
0.9858786 0.9858786 0.9858786 0.9955832 0.9955832
0.9955832 0.9955832 0.9955832 0.9955832 0.9955832
0.9955832 0.9955832 0.9955832 0.9955832 0.9955832
0.9955832 0.9955832 0.9955832 0.9955832 0.9955832
0.9955832 0.9955832 0.9955832 0.8463611 0.8463611
0.8463611 0.8463611 0.8463611 0.941575 0.941575
0.941575 0.941575 0.941575 0.941575 0.941575
0.941575 0.941575 0.9443447 0.9443447 0.9443447
0.9443447 0.9443447 0.9443447 0.9443447 0.9443447
0.9443447 0.9443447 0.9443447 0.9443447 0.712794
0.870331 0.870331 0.8253651 0.9154914 0.9154914
0.9154914 0.9154914 0.9154914 0.9887813 0.9887813
0.9887813 0.9887813 0.9887813 0.9887813 0.9887813
0.9887813 0.996885 0.996885 0.996885 0.996885
0.996885 0.8355059 0.8355059 0.8355059 0.8355059
0.8043966 0.8043966 0.8043966 0.8043966 0.9958001
0.9958001 0.9958001 0.9958001 0.9958001 0.9958001
0.9958001 0.9958001 0.9958001 0.9958001 0.9958001
0.9958001 0.9958001 0.9958001 0.9958001 0.9958001
0.9958001 0.9958001 0.9958001 0.9761806 0.9761806
0.9358166 0.9335198 0.9335198 0.9335198 0.9335198
0.9335198 0.9942693 0.9791259 0.9791259 0.936402
0.936402 0.936402 0.936402 0.936402 0.936402
0.936402 0.936402 0.936402 0.936402 0.936402
0.936402 0.9385173 0.9776857 0.9776857 0.658558
0.658558 0.658558 0.8191553 0.8191553 0.8191553
0.8191553 0.8191553 0.7887464 0.7887464 0.7887464
0.7887464 0.7887464 0.7887464 0.7887464 0.9517669
0.9517669 0.9517669 0.9517669 0.9517669 0.9517669
0.9517669 0.9517669 0.9517669 0.9517669 0.9517669
0.9517669 0.9517669 0.9517669 0.9517669 0.9517669
0.9517669 0.9517669 0.9517669 0.9517669 0.9517669
0.9517669 0.9517669 0.9517669 0.9517669 0.9517669
0.9517669 0.9517669 0.9517669 0.9517669 0.9681237
0.9681237 0.9681237 0.9681237 0.9681237 0.9681237
0.9681237 0.9681237 0.9681237 0.9681237 0.9681237
0.9681237 0.9681237 0.9681237 0.9681237 0.9681237
0.9681237 0.9681237 0.9681237 0.9681237 0.9681237
0.9681237 0.9681237 0.9785508 0.9785508 0.9785508
0.9785508 0.9785508 0.9785508 0.9785508 0.9785508
0.9785508 0.9785508 0.9785508 0.9785508 0.9785508
0.9785508 0.9785508 0.9785508 0.9785508 0.9785508
0.9785508 0.9785508 0.9785508 0.9576752 0.9576752
0.863937 0.863937 0.863937 0.9925947 0.9925947
0.9925947 0.9925947 0.9925947 0.9925947 0.9925947
0.9925947 0.9925947 0.9925947 0.9925947 0.9925947
0.9925947 0.9925947 0.9925947 0.9925947 0.9925947
0.9925947 0.9925947 0.9925947 0.9925947 0.9925947
0.9925947 0.9228804 0.9228804 0.9228804 0.9228804
0.9228804 0.9228804 0.9228804 0.9228804 0.9228804
0.9228804 0.9228804 0.9228804 0.9997699 0.9626069
0.9626069 0.9626069 0.9626069 0.8619484 0.8619484
0.8619484 0.8619484 0.8619484 0.8619484 0.9306346
0.9306346 0.9306346 0.9306346 0.9721406 0.9721406
0.9721406 0.9721406 0.9721406 0.9721406 0.9721406
0.9721406 0.9721406 0.9721406 0.9721406 0.9721406
0.8651867 0.8651867 0.8651867 0.8651867 0.8651867
0.8651867 0.8651867 0.8651867 0.8651867 0.7953204
0.7953204 0.7953204 0.9207053 0.9207053 0.9207053
0.8811207 0.8811207 0.8811207 0.8811207 0.9097455
0.9097455 0.9097455 0.9097455 0.9097455 0.9097455
0.9097455 0.9097455 0.9097455 0.9097455 0.9097455
0.9097455 0.9097455 0.9097455 0.9097455 0.9097455
0.9097455 0.9097455 0.9097455 0.9097455 0.9536644
0.8890962 0.8890962 0.8890962 0.8890962 0.8890962
0.9398841 0.9398841 0.9398841 0.9398841 0.8780342
0.6382258 0.6382258 0.6382258 0.8701412 0.8701412
0.8701412 0.8701412 0.8701412 0.8701412 0.8701412
0.8701412 0.8701412 0.9589717 0.9589717 0.9589717
0.9589717 0.9589717 0.9589717 0.9589717 0.9589717
0.9589717 0.9589717 0.9589717 0.9589717 0.9589717
0.9589717 0.9987904 0.9987904 0.9987904 0.9987904
0.9987904 0.9987904 0.9987904 0.9987904 0.9987904
0.9987904 0.9987904 0.9987904 0.9987904 0.9987904
0.9987904 0.9987904 0.9987904 0.9987904 0.9987904
0.9987904 0.9987904 0.9987904 0.9987904 0.9987904
0.9987904 0.9987904 0.9987904 0.9987904 0.9987904
0.9987904 0.9987904 0.9987904 0.9987904 0.9987904
0.9987904 0.9987904 0.9987904 0.9987904 0.9987904
0.9987904 0.9640814 0.9640814 0.9640814 0.9640814
0.9640814 0.9640814 0.9640814 0.9640814 0.9640814
0.9640814 0.9640814 0.7840554 0.7840554 0.7840554
0.9325712 0.9325712 0.9325712 0.9325712 0.9325712

Markov Chain 2
0.2 0.670797 0.7275342 0.5547562 0.9703532
0.9703532 0.9703532 0.9703532 0.9703532 0.9703532
0.9703532 0.9703532 0.9703532 0.9703532 0.9703532
0.9703532 0.9703532 0.9746735 0.9746735 0.9746735
0.9100156 0.9100156 0.9100156 0.9100156 0.9100156
0.9100156 0.9100156 0.9100156 0.9100156 0.9100156
0.9100156 0.9100156 0.9100156 0.9100156 0.9100156
0.8336523 0.8336523 0.8336523 0.8336523 0.8336523
0.8336523 0.8336523 0.8336523 0.8336523 0.8336523
0.8336523 0.8336523 0.9979265 0.9979265 0.9798568
0.9798568 0.9798568 0.9798568 0.9798568 0.9798568
0.9798568 0.9798568 0.9798568 0.9798568 0.9798568
0.9798568 0.9798568 0.9798568 0.9712721 0.9712721
0.9712721 0.9712721 0.9712721 0.9712721 0.9712721
0.9055957 0.9055957 0.9055957 0.8881098 0.9223225
0.9223225 0.9223225 0.9223225 0.9223225 0.9223225
0.9223225 0.9223225 0.9223225 0.9223225 0.9223225
0.9223225 0.9223225 0.9223225 0.9223225 0.9223225
0.9223225 0.9223225 0.9223225 0.9223225 0.9223225
0.9223225 0.9223225 0.9223225 0.9223225 0.9662212
0.9662212 0.9662212 0.9662212 0.9662212 0.9662212
0.9662212 0.9662212 0.9662212 0.9662212 0.9662212
0.9662212 0.9662212 0.8029128 0.8029128 0.8029128
0.8029128 0.8029128 0.8029128 0.9765205 0.9765205
0.9765205 0.9765205 0.9765205 0.9765205 0.9765205
0.9765205 0.9765205 0.9765205 0.9765205 0.9765205
0.9765205 0.9765205 0.9765205 0.9765205 0.9765205
0.9765205 0.9765205 0.9765205 0.9765205 0.9765205
0.9765205 0.9765205 0.8907905 0.8907905 0.8907905
0.8907905 0.8874374 0.8874374 0.8874374 0.9915682
0.9915682 0.9915682 0.9915682 0.9915682 0.9915682
0.9915682 0.9915682 0.9915682 0.9528437 0.9528437
0.8993107 0.8993107 0.8993107 0.8993107 0.7477035
0.7477035 0.7477035 0.7477035 0.7695214 0.7695214
0.7695214 0.7695214 0.7695214 0.7695214 0.7695214
0.7695214 0.7695214 0.817126 0.817126 0.817126
0.8125438 0.720976 0.720976 0.720976 0.6556679
0.8760691 0.9134045 0.9134045 0.9134045 0.9134045
0.9134045 0.8667687 0.8667687 0.8667687 0.926055
0.926055 0.926055 0.926055 0.926055 0.926055
0.926055 0.926055 0.926055 0.926055 0.9613112
0.9613112 0.7615006 0.9511503 0.9511503 0.9511503
0.9511503 0.9511503 0.9511503 0.9511503 0.9511503
0.9511503 0.9511503 0.9511503 0.9511503 0.9511503
0.9511503 0.9511503 0.9511503 0.9511503 0.72415
0.72415 0.9426975 0.9426975 0.9426975 0.9426975
0.9989045 0.9989045 0.9989045 0.9989045 0.9989045
0.9989045 0.9989045 0.9989045 0.9989045 0.9356974
0.9356974 0.9356974 0.9356974 0.9356974 0.8848628
0.8848628 0.8848628 0.8848628 0.8848628 0.8848628
0.8848628 0.8848628 0.8848628 0.8848628 0.8848628
0.8848628 0.8848628 0.8848628 0.9017483 0.9017483
0.9017483 0.9017483 0.9017483 0.9017483 0.9017483
0.8105803 0.8105803 0.8105803 0.859503 0.859503
0.9539767 0.9539767 0.9539767 0.9539767 0.9693329
0.9693329 0.9693329 0.9693329 0.9693329 0.9693329
0.843264 0.843264 0.843264 0.9669219 0.9669219
0.9600518 0.9600518 0.9600518 0.9600518 0.9600518
0.9600518 0.9600518 0.9600518 0.9600518 0.9600518
0.9600518 0.9600518 0.9600518 0.9600518 0.9600518
0.9600518 0.9600518 0.9957711 0.756075 0.756075
0.756075 0.8757087 0.8790362 0.8790362 0.7739145
0.953405 0.953405 0.953405 0.953405 0.953405
0.953405 0.953405 0.960584 0.960584 0.960584
0.9871177 0.9403113 0.9403113 0.9403113 0.9242588
0.9242588 0.9242588 0.9242588 0.9242588 0.9242588
0.9140802 0.9140802 0.9140802 0.9140802 0.9140802
0.7115854 0.7115854 0.7115854 0.992257 0.9464935
0.9464935 0.9464935 0.9464935 0.9464935 0.9464935
0.9464935 0.9464935 0.9464935 0.9464935 0.9750848
0.9750848 0.9750848 0.9750848 0.9750848 0.992902
0.992902 0.992902 0.992902 0.992902 0.992902
0.992902 0.9249892 0.9249892 0.9249892 0.9249892
0.937427 0.937427 0.937427 0.8376705 0.9927622
0.871714 0.871714 0.871714 0.871714 0.871714
0.871714 0.871714 0.871714 0.871714 0.871714
0.871714 0.871714 0.871714 0.871714 0.871714
0.871714 0.871714 0.871714 0.871714 0.871714
0.871714 0.871714 0.871714 0.871714 0.871714
0.6921924 0.6921924 0.6921924 0.8336837 0.9989926
0.9989926 0.9989926 0.9989926 0.9989926 0.9989926
0.9100114 0.9100114 0.9100114 0.9100114 0.829925
0.793797 0.793797 0.793797 0.793797 0.793797
0.793797 0.793797 0.793797 0.9641379 0.9641379
0.9641379 0.9641379 0.9641379 0.8673353 0.8673353
0.8673353 0.8673353 0.8673353 0.8673353 0.8673353
0.8673353 0.8673353 0.8673353 0.8673353 0.7798418
0.651053 0.651053 0.651053 0.651053 0.651053
0.651053 0.7732355 0.7732355 0.9930777 0.8595168
0.8595168 0.8595168 0.8595168 0.8595168 0.8595168
0.8595168 0.8595168 0.8595168 0.8595168 0.8595168
0.9306857 0.9306857 0.9306857 0.9306857 0.9306857
0.8436651 0.8436651 0.8436651 0.9648737 0.9648737
0.9648737 0.9648737 0.8243158 0.8243158 0.8243158
0.9843624 0.9843624 0.9843624 0.9843624 0.9843624
0.9843624 0.9843624 0.9843624 0.9843624 0.9843624
0.9843624 0.9843624 0.9843624 0.9843624 0.9843624
0.9843624 0.9843624 0.9843624 0.9843624 0.8409525
0.8409525 0.8409525 0.8409525 0.9404238 0.9404238
0.9404238 0.9404238 0.9404238 0.9404238 0.9404238
0.9404238 0.9404238 0.9404238 0.9404238 0.9764195
0.9764195 0.984418 0.9287334 0.9287334 0.9287334
0.9287334 0.9287334 0.9287334 0.9287334 0.9287334
0.9287334 0.9287334 0.9287334 0.9828963 0.9828963
0.9828963 0.9828963 0.9828963 0.9828963 0.9828963
0.9828963 0.9828963 0.9828963 0.9828963 0.9828963
0.8674416 0.8674416 0.8674416 0.8674416 0.9603477
0.9603477 0.9603477 0.9603477 0.9603477 0.9603477
0.9603477 0.9603477 0.9603477 0.9603477 0.9603477
0.9603477 0.9603477 0.9603477 0.9603477 0.9603477
0.9603477 0.9603477 0.9603477 0.9603477 0.9603477
0.9603477 0.9603477 0.9603477 0.9043354 0.9043354
0.9043354 0.987521 0.987521 0.987521 0.987521
0.987521 0.987521 0.987521 0.987521 0.987521
0.987521 0.987521 0.987521 0.987521 0.987521
0.987521 0.987521 0.987521 0.987521 0.987521
0.987521 0.987521 0.987521 0.987521 0.987521
0.987521 0.987521 0.987521 0.987521 0.987521
0.987521 0.987521 0.987521 0.987521 0.987521
0.987521 0.987521 0.8389172 0.8389172 0.9650183
0.9650183 0.9650183 0.8094213 0.8094213 0.8094213
0.8094213 0.7926665 0.7926665 0.7926665 0.7926665
0.7926665 0.7926665 0.8522213 0.8522213 0.8522213
0.8522213 0.8522213 0.9929803 0.9929803 0.9929803
0.9929803 0.9929803 0.8687662 0.8687662 0.8687662
0.9239628 0.8820826 0.8820826 0.8820826 0.8820826
0.8820826 0.8820826 0.8820826 0.8820826 0.8820826
0.8820826 0.8524312 0.8524312 0.8524312 0.8524312
0.8524312 0.8524312 0.8524312 0.8524312 0.8524312
0.8524312 0.8524312 0.8524312 0.8524312 0.9587274
0.9587274 0.9587274 0.9587274 0.9587274 0.9332481
0.9332481 0.5513374 0.5513374 0.7353398 0.7482336
0.7482336 0.7482336 0.7671717 0.7671717 0.8907702
0.8907702 0.8907702 0.9218268 0.756662 0.756662
0.756662 0.756662 0.756662 0.756662 0.8373851
0.8373851 0.8373851 0.8373851 0.7155236 0.851482
0.974028 0.9812234 0.9812234 0.9893647 0.9893647
0.9893647 0.9893647 0.9893647 0.9893647 0.9893647
0.9893647 0.9916052 0.9916052 0.9916052 0.9916052
0.9916052 0.9916052 0.9916052 0.9916052 0.809521
0.809521 0.809521 0.809521 0.809521 0.809521
0.8748818 0.8748818 0.8748818 0.8748818 0.8748818
0.8748818 0.8203379 0.8203379 0.8203379 0.8203379
0.8203379 0.8203379 0.8203379 0.8203379 0.9539547
0.9539547 0.9539547 0.9539547 0.9539547 0.9539547
0.9539547 0.9539547 0.9539547 0.9539547 0.9539547
0.9539547 0.9539547 0.9539547 0.9539547 0.9539547
0.9539547 0.9539547 0.9539547 0.9539547 0.9539547
0.9539547 0.9539547 0.9539547 0.9539547 0.9539547
0.9539547 0.9539547 0.9539547 0.9469287 0.8772205
0.8772205 0.8772205 0.8772205 0.8711335 0.8779808
0.8779808 0.8779808 0.8779808 0.8779808 0.8779808
0.8779808 0.8779808 0.8779808 0.8779808 0.8779808
0.8779808 0.8779808 0.8779808 0.8779808 0.8779808
0.8779808 0.9728304 0.9728304 0.9728304 0.9728304
0.8655654 0.8655654 0.8655654 0.8655654 0.8655654
0.8655654 0.8705721 0.8705721 0.8705721 0.8705721
0.8705721 0.8705721 0.8705721 0.8705721 0.8705721
0.8705721 0.9919886 0.9919886 0.9919886 0.9919886
0.9919886 0.9919886 0.926411 0.926411 0.926411
0.9629787 0.9629787 0.9629787 0.9629787 0.9629787
0.9629787 0.9629787 0.9629787 0.952743 0.952743
0.952743 0.952743 0.952743 0.952743 0.986981
0.986981 0.986981 0.986981 0.986981 0.986981
0.986981 0.8431612 0.8431612 0.8431612 0.8385384
0.8385384 0.8385384 0.8385384 0.8385384 0.8385384
0.8567395 0.8567395 0.8567395 0.8567395 0.8567395
0.8567395 0.8567395 0.8567395 0.8567395 0.8567395
0.8567395 0.8567395 0.8567395 0.8734778 0.8734778
0.8734778 0.8734778 0.8734778 0.8734778 0.8734778
0.8734778 0.8734778 0.8799552 0.8799552 0.8838191
0.8838191 0.890187 0.9733975 0.9733975 0.9733975
0.9733975 0.9733975 0.9879317 0.9057092 0.9057092
0.9057092 0.9057092 0.98312 0.98312 0.913184
0.913184 0.886337 0.886337 0.886337 0.9389707
0.9389707 0.9389707 0.9389707 0.9389707 0.9389707
0.9389707 0.9389707 0.9389707 0.9389707 0.9389707
0.9389707 0.9389707 0.8934386 0.8934386 0.8934386
0.8934386 0.8934386 0.8934386 0.9932564 0.9932564
0.9932564 0.9932564 0.9932564 0.9932564 0.9932564
0.9932564 0.9932564 0.9932564 0.9932564 0.9932564
0.9932564 0.9932564 0.9436026 0.9125069 0.9125069
0.9125069 0.9125069 0.9125069 0.895781 0.8761386
0.938454 0.938454 0.938454 0.938454 0.938454
0.9940797 0.9940797 0.9940797 0.9940797 0.9940797
0.9940797 0.9940797 0.9940797 0.9940797 0.9940797
0.9940797 0.9940797 0.9940797 0.9940797 0.9940797
0.9940797 0.9940797 0.9940797 0.9940797 0.9940797
0.9940797 0.9940797 0.9940797 0.9940797 0.9940797
0.9940797 0.9940797 0.9940797 0.9940797 0.9940797
0.9940797 0.9940797 0.9940797 0.9062336 0.9062336
0.9062336 0.9564696 0.9564696 0.9564696 0.9564696
0.9564696 0.9196881 0.9196881 0.9196881 0.9196881
0.7181567 0.9929258 0.9929258 0.9929258 0.8866027
0.8866027 0.8934255 0.8934255 0.8934255 0.952759
0.952759 0.952759 0.952759 0.8747424 0.910005
0.910005 0.910005 0.910005 0.910005 0.910005
0.910005 0.910005 0.910005 0.910005 0.910005
0.910005 0.910005 0.910005 0.9987561 0.82889
0.9343295 0.9343295 0.9343295 0.9343295 0.9343295

Markov Chain 3
0.2 0.9168065 0.9168065 0.9168065 0.9168065
0.9316453 0.9316453 0.9316453 0.9316453 0.9316453
0.9316453 0.9316453 0.9316453 0.9316453 0.9316453
0.9316453 0.9316453 0.9316453 0.9316453 0.9316453
0.9316453 0.9316453 0.9458938 0.9458938 0.9458938
0.9897141 0.9897141 0.9897141 0.9897141 0.9897141
0.9897141 0.9897141 0.9897141 0.9897141 0.9897141
0.9897141 0.9897141 0.9897141 0.9897141 0.9897141
0.9897141 0.9897141 0.9897141 0.9897141 0.9897141
0.9897141 0.9897141 0.9897141 0.9897141 0.9897141
0.9897141 0.9897141 0.9897141 0.863777 0.863777
0.863777 0.863777 0.863777 0.863777 0.863777
0.7634698 0.7634698 0.7939195 0.7939195 0.7939195
0.7939195 0.7939195 0.7939195 0.8381497 0.7648968
0.794996 0.794996 0.794996 0.794996 0.794996
0.794996 0.8145401 0.8378124 0.9001573 0.9001573
0.9001573 0.9001573 0.9001573 0.7595864 0.7595864
0.7595864 0.7595864 0.7595864 0.9707383 0.9707383
0.9707383 0.9707383 0.9707383 0.9707383 0.9778797
0.9778797 0.9778797 0.9446003 0.9446003 0.9446003
0.9446003 0.9614936 0.9614936 0.9614936 0.9614936
0.9079792 0.9079792 0.9828456 0.9828456 0.9828456
0.9828456 0.9828456 0.9828456 0.9828456 0.9828456
0.9828456 0.9828456 0.9828456 0.9828456 0.9828456
0.9828456 0.9828456 0.9828456 0.9828456 0.9828456
0.9100922 0.9100922 0.9100922 0.9100922 0.8324826
0.8324826 0.9002946 0.5774667 0.5774667 0.5774667
0.5774667 0.5774667 0.5774667 0.5774667 0.5774667
0.9416225 0.9416225 0.9416225 0.7467268 0.7467268
0.9915815 0.9915815 0.9339773 0.9339773 0.9339773
0.9339773 0.9339773 0.9339773 0.9339773 0.9339773
0.9339773 0.9339773 0.97727 0.97727 0.97727
0.871906 0.871906 0.871906 0.871906 0.871906
0.871906 0.871906 0.871906 0.871906 0.871906
0.871906 0.8673717 0.8673717 0.8584792 0.8584792
0.8584792 0.8584792 0.8584792 0.8584792 0.8584792
0.8584792 0.8584792 0.8584792 0.8584792 0.8584792
0.9333516 0.9333516 0.9333516 0.9333516 0.9333516
0.969236 0.969236 0.969236 0.969236 0.9868408
0.9868408 0.9868408 0.9868408 0.9868408 0.9868408
0.9396532 0.9396532 0.9914593 0.9914593 0.9914593
0.9914593 0.9914593 0.9914593 0.9914593 0.9914593
0.9914593 0.966542 0.966542 0.9069468 0.9069468
0.9657883 0.9657883 0.9101723 0.9101723 0.8786707
0.8786707 0.8786707 0.8786707 0.8786707 0.8786707
0.8786707 0.8786707 0.8786707 0.8322254 0.8322254
0.8322254 0.8322254 0.8322254 0.8322254 0.8322254
0.8322254 0.8322254 0.8286463 0.8286463 0.8286463
0.8286463 0.8286463 0.8286463 0.8286463 0.8286463
0.8286463 0.8286463 0.8286463 0.8286463 0.8286463
0.8286463 0.8286463 0.8572972 0.8572972 0.8572972
0.8572972 0.8572972 0.8572972 0.8572972 0.8572972
0.8572972 0.8572972 0.8572972 0.8572972 0.892946
0.892946 0.892946 0.892946 0.8995014 0.9113322
0.9113322 0.9113322 0.882934 0.882934 0.882934
0.882934 0.882934 0.882934 0.882934 0.882934
0.959926 0.959926 0.959926 0.959926 0.959926
0.959926 0.959926 0.9059268 0.9059268 0.8725103
0.8725103 0.8036138 0.8036138 0.8036138 0.8036138
0.8036138 0.8036138 0.8036138 0.9673844 0.9673844
0.9673844 0.9673844 0.9673844 0.9673844 0.982329
0.982329 0.982329 0.982329 0.982329 0.982329
0.982329 0.982329 0.982329 0.982329 0.982329
0.982329 0.982329 0.8157826 0.8157826 0.8157826
0.96743 0.9635484 0.9635484 0.9635484 0.9635484
0.9635484 0.9635484 0.9893304 0.9983037 0.9983037
0.9983037 0.9983037 0.9983037 0.9983037 0.9983037
0.9983037 0.9983037 0.9983037 0.9983037 0.9983037
0.9749263 0.9749263 0.9749263 0.9749263 0.9749263
0.9749263 0.9496504 0.9496504 0.9496504 0.9749722
0.9749722 0.9749722 0.9749722 0.9749722 0.9749722
0.9331592 0.9331592 0.9331592 0.9331592 0.9331592
0.9331592 0.9331592 0.9331592 0.9331592 0.9331592
0.9331592 0.9331592 0.9331592 0.9331592 0.9331592
0.9331592 0.9331592 0.9331592 0.9331592 0.9331592
0.9331592 0.9331592 0.9493404 0.9493404 0.9493404
0.9493404 0.9493404 0.9493404 0.9493404 0.9493404
0.9493404 0.9493404 0.9493404 0.8960092 0.9431321
0.9695734 0.9695734 0.9695734 0.9695734 0.9695734
0.9695734 0.9695734 0.9695734 0.8168374 0.8168374
0.9190479 0.9190479 0.9190479 0.9190479 0.9190479
0.9190479 0.9190479 0.9190479 0.805068 0.9870233
0.9870233 0.9870233 0.9870233 0.9870233 0.9870233
0.9870233 0.794712 0.794712 0.794712 0.794712
0.794712 0.794712 0.825712 0.8159297 0.8159297
0.8159297 0.8159297 0.8159297 0.8159297 0.8159297
0.9545873 0.9545873 0.9545873 0.9545873 0.9545873
0.9545873 0.9545873 0.9545873 0.9624164 0.9624164
0.9624164 0.9624164 0.9624164 0.9624164 0.9624164
0.9624164 0.9624164 0.9624164 0.9624164 0.9826623
0.9607767 0.9882698 0.9882698 0.9882698 0.9882698
0.9341611 0.9341611 0.9341611 0.9341611 0.9341611
0.9341611 0.9341611 0.9276608 0.9171189 0.9171189
0.9171189 0.9171189 0.9171189 0.9171189 0.9171189
0.9171189 0.9171189 0.9171189 0.9171189 0.8279874
0.8164332 0.8164332 0.8737854 0.8896483 0.8414067
0.8414067 0.8414067 0.7713472 0.7713472 0.8597938
0.9394148 0.9394148 0.981788 0.981788 0.981788
0.981788 0.981788 0.981788 0.981788 0.9365415
0.9365415 0.9365415 0.9365415 0.9365415 0.9365415
0.9365415 0.9365415 0.9365415 0.9365415 0.9365415
0.9365415 0.9365415 0.9365415 0.9365415 0.9365415
0.9365415 0.9365415 0.9365415 0.9365415 0.9365415
0.9365415 0.9365415 0.9365415 0.9365415 0.9365415
0.9365415 0.9365415 0.8024417 0.8024417 0.8024417
0.8847886 0.8847886 0.8847886 0.8847886 0.6804059
0.6804059 0.6804059 0.6804059 0.6804059 0.6804059
0.6804059 0.6804059 0.9578717 0.9578717 0.9578717
0.9578717 0.9578717 0.6891253 0.6859338 0.6635859
0.6635859 0.794439 0.794439 0.794439 0.794439
0.7991538 0.7991538 0.7991538 0.916238 0.9288515
0.887263 0.9432633 0.9432633 0.9432633 0.9432633
0.9432633 0.9432633 0.9432633 0.9432633 0.9432633
0.9432633 0.9432633 0.9432633 0.9432633 0.9432633
0.9432633 0.9432633 0.9432633 0.9432633 0.9662576
0.9662576 0.9662576 0.9232552 0.9962994 0.9962994
0.9962994 0.9326263 0.9326263 0.9823058 0.9823058
0.9823058 0.9150064 0.9150064 0.8110177 0.8110177
0.8776514 0.8776514 0.9005307 0.9005307 0.9005307
0.9005307 0.9005307 0.9005307 0.9005307 0.8792836
0.8792836 0.8792836 0.8792836 0.8792836 0.8792836
0.7827959 0.7827959 0.7956398 0.7956398 0.7956398
0.7956398 0.7956398 0.7956398 0.7956398 0.7956398
0.7956398 0.7956398 0.9227766 0.9227766 0.9227766
0.9227766 0.9227766 0.9227766 0.9153807 0.9153807
0.9153807 0.9153807 0.9153807 0.9153807 0.9153807
0.9153807 0.9153807 0.9153807 0.9153807 0.9153807
0.9153807 0.7245399 0.7245399 0.9477426 0.9477426
0.9477426 0.9477426 0.9477426 0.9477426 0.9477426
0.9477426 0.9477426 0.9123902 0.9123902 0.6329763
0.6329763 0.6329763 0.6329763 0.9137086 0.9137086
0.9137086 0.9073745 0.9073745 0.9073745 0.9073745
0.9073745 0.9073745 0.9073745 0.9073745 0.9073745
0.9073745 0.9073745 0.9536452 0.9536452 0.9536452
0.9536452 0.9536452 0.9536452 0.9536452 0.9501704
0.9501704 0.9501704 0.9501704 0.9501704 0.9501704
0.9501704 0.8039469 0.8039469 0.8039469 0.8039469
0.8039469 0.9811325 0.9811325 0.9811325 0.9811325
0.9811325 0.9978105 0.930857 0.930857 0.930857
0.930857 0.8923867 0.8923867 0.8923867 0.8923867
0.8923867 0.8923867 0.8923867 0.8923867 0.8923867
0.8923867 0.8921459 0.8921459 0.8921459 0.7844937
0.7844937 0.7844937 0.7844937 0.7844937 0.9992833
0.7550814 0.7550814 0.8682925 0.8682925 0.8682925
0.8682925 0.8682925 0.8682925 0.8682925 0.8682925
0.8682925 0.8682925 0.8682925 0.873876 0.873876
0.9273903 0.9273903 0.9273903 0.9273903 0.9273903
0.9273903 0.899875 0.899875 0.899875 0.9526937
0.9526937 0.8564348 0.8564348 0.8564348 0.8564348
0.8186574 0.8186574 0.8186574 0.8628227 0.8628227
0.8628227 0.8628227 0.8628227 0.823754 0.823754
0.823754 0.9160394 0.9160394 0.9160394 0.9160394
0.9160394 0.9160394 0.9160394 0.9160394 0.9160394
0.925514 0.925514 0.925514 0.925514 0.925514
0.925514 0.925514 0.7731049 0.7731049 0.7731049
0.7731049 0.7731049 0.7731049 0.7731049 0.7731049
0.7731049 0.7731049 0.7731049 0.7731049 0.8746483
0.9349285 0.9288232 0.9288232 0.9288232 0.9288232
0.9288232 0.9288232 0.9288232 0.9288232 0.9288232
0.9288232 0.9288232 0.9288232 0.9288232 0.9288232
0.759869 0.98613 0.98613 0.98613 0.98613
0.98613 0.98613 0.98613 0.98613 0.98613
0.98613 0.98613 0.98613 0.98613 0.98613
0.98613 0.98613 0.98613 0.98613 0.98613
0.8640847 0.8640847 0.8640847 0.8640847 0.8640847
0.8640847 0.9176075 0.8697177 0.8697177 0.8697177
0.9849147 0.9849147 0.8632987 0.9010928 0.9010928
0.8734322 0.8734322 0.8734322 0.8734322 0.8734322
0.8734322 0.8734322 0.8734322 0.8734322 0.8734322
0.8734322 0.9209426 0.9209426 0.9209426 0.9209426
0.9209426 0.9209426 0.9209426 0.9209426 0.9209426
0.9209426 0.9209426 0.9209426 0.9209426 0.9317111
0.9317111 0.9317111 0.9317111 0.9317111 0.9317111
0.9317111 0.9317111 0.9317111 0.9317111 0.9317111
0.9317111 0.9317111 0.9317111 0.9317111 0.9317111
0.9317111 0.9317111 0.9317111 0.9339871 0.9339871
0.9339871 0.9339871 0.9339871 0.9339871 0.9339871
0.9339871 0.9339871 0.9339871 0.9339871 0.9339871
0.9339871 0.9619304 0.9619304 0.9619304 0.9619304
0.9619304 0.9976087 0.9976087 0.9976087 0.9976087
0.9976087 0.9976087 0.9976087 0.9976087 0.9976087
0.9976087 0.9976087 0.9976087 0.9976087 0.9976087
0.9554234 0.9283733 0.7978025 0.7978025 0.7978025
0.7978025 0.7978025 0.9155195 0.9155195 0.9155195
0.8147188 0.8679631 0.8679631 0.9331793 0.9331793
0.9331793 0.9331793 0.8753594 0.8753594 0.8546892
0.9911519 0.9911519 0.9911519 0.9911519 0.9112439
0.9112439 0.9112439 0.9112439 0.9112439 0.7917355
0.7917355 0.7917355 0.7917355 0.7917355 0.7917355
0.6544967 0.9714258 0.9714258 0.9714258 0.9714258
0.9714258 0.9714258 0.9714258 0.9714258 0.9714258
0.9087367 0.9087367 0.9087367 0.9087367 0.8061253
0.8061253 0.8061253 0.8061253 0.8888582 0.8888582
0.8888582 0.8888582 0.8888582 0.8888582 0.8888582
0.8888582 0.798682 0.798682 0.7414007 0.7414007
0.7414007 0.8746132 0.9562915 0.9562915 0.9562915
0.9562915 0.9562915 0.9562915 0.9562915 0.9562915
0.9562915 0.9562915 0.9562915 0.9562915 0.9562915
0.9562915 0.9562915 0.9562915 0.9562915 0.9562915
0.9562915 0.9562915 0.9562915 0.9744835 0.9744835

Markov Chain 4
0.2 0.5147919 0.618899 0.618899 0.618899
0.618899 0.679737 0.7502408 0.7502408 0.7502408
0.7502408 0.777749 0.777749 0.777749 0.777749
0.777749 0.777749 0.777749 0.777749 0.7266736
0.7266736 0.7266736 0.7266736 0.7266736 0.7266736
0.7266736 0.7266736 0.7266736 0.6230311 0.8666472
0.8666472 0.8666472 0.8666472 0.8666472 0.7953284
0.9835227 0.9218764 0.9218764 0.9218764 0.9218764
0.9218764 0.9218764 0.9218764 0.9218764 0.9857205
0.8442695 0.8442695 0.8442695 0.8442695 0.8442695
0.8442695 0.8442695 0.8442695 0.8442695 0.8745378
0.8745378 0.8745378 0.879152 0.879152 0.879152
0.879152 0.8608247 0.8608247 0.8608247 0.8608247
0.8608247 0.8608247 0.8608247 0.8608247 0.8608247
0.8608247 0.8608247 0.8608247 0.8608247 0.8608247
0.8608247 0.8608247 0.8608247 0.8608247 0.8608247
0.8608247 0.8608247 0.8608247 0.8608247 0.8608247
0.8608247 0.8608247 0.8608247 0.8608247 0.8608247
0.8608247 0.8608247 0.8608247 0.85913 0.794662
0.9205729 0.9205729 0.9205729 0.9205729 0.9205729
0.9205729 0.9205729 0.9205729 0.9205729 0.9205729
0.9205729 0.9205729 0.9205729 0.9240317 0.9240317
0.9240317 0.9240317 0.9240317 0.9240317 0.9240317
0.9240317 0.9770258 0.9770258 0.9770258 0.9770258
0.9770258 0.9770258 0.9770258 0.9770258 0.9770258
0.9770258 0.9770258 0.9770258 0.9770258 0.9770258
0.9770258 0.9770258 0.7861444 0.7861444 0.7861444
0.7861444 0.7861444 0.7861444 0.876732 0.876732
0.876732 0.876732 0.876732 0.876732 0.876732
0.8401634 0.8401634 0.8076934 0.8076934 0.8076934
0.8076934 0.8076934 0.8076934 0.9954422 0.9954422
0.976745 0.976745 0.7546992 0.9204335 0.9204335
0.8887661 0.8887661 0.8887661 0.9661 0.9661
0.9661 0.9661 0.9661 0.9661 0.9661
0.9661 0.9521739 0.9521739 0.9521739 0.9521739
0.9521739 0.9521739 0.9521739 0.9521739 0.9521739
0.9521739 0.9576633 0.7339033 0.7339033 0.7339033
0.9282921 0.9282921 0.7504282 0.7504282 0.97162
0.97162 0.97162 0.97162 0.97162 0.97162
0.8389117 0.8389117 0.8389117 0.8389117 0.945186
0.945186 0.945186 0.945186 0.945186 0.945186
0.945186 0.945186 0.945186 0.945186 0.945186
0.6792384 0.6792384 0.949463 0.949463 0.949463
0.949463 0.949463 0.949463 0.949463 0.949463
0.949463 0.949463 0.949463 0.949463 0.949463
0.949463 0.9029549 0.9029549 0.8498143 0.8498143
0.8498143 0.8498143 0.8498143 0.8498143 0.8498143
0.8498143 0.8498143 0.8498143 0.8498143 0.6407873
0.5809121 0.8934875 0.8934875 0.8741982 0.8741982
0.8741982 0.746081 0.746081 0.9559095 0.9882098
0.9985806 0.9985806 0.9985806 0.9780775 0.9780775
0.9780775 0.9780775 0.9780775 0.9780775 0.9780775
0.9780775 0.9851581 0.9851581 0.9851581 0.9851581
0.9851581 0.9851581 0.9851581 0.9851581 0.9851581
0.9851581 0.9851581 0.9851581 0.9316983 0.9316983
0.857934 0.857934 0.857934 0.8552919 0.7773416
0.8393926 0.8393926 0.8393926 0.7012789 0.7012789
0.7292197 0.7810808 0.7810808 0.7810808 0.7810808
0.7810808 0.7810808 0.7810808 0.7810808 0.7810808
0.7810808 0.7810808 0.7810808 0.7810808 0.8160112
0.8160112 0.9358069 0.9358069 0.9518639 0.9518639
0.9518639 0.9518639 0.9518639 0.9518639 0.9518639
0.9518639 0.9518639 0.9518639 0.9518639 0.9518639
0.9518639 0.9518639 0.9518639 0.9518639 0.9518639
0.9518639 0.8044077 0.8044077 0.8044077 0.8044077
0.8044077 0.8044077 0.8044077 0.9173329 0.9173329
0.9173329 0.9173329 0.9173329 0.9527893 0.9527893
0.9527893 0.963713 0.963713 0.963713 0.963713
0.963713 0.963713 0.963713 0.963713 0.963713
0.963713 0.963713 0.930574 0.930574 0.930574
0.930574 0.930574 0.930574 0.930574 0.930574
0.930574 0.930574 0.9639285 0.9639285 0.9639285
0.9639285 0.9639285 0.9639285 0.8437692 0.8534687
0.8534687 0.8534687 0.8534687 0.8534687 0.9676005
0.9676005 0.9778527 0.9778527 0.9778527 0.9778527
0.9778527 0.9778527 0.9778527 0.9778527 0.8527975
0.9764755 0.9764755 0.9764755 0.9764755 0.9764755
0.9764755 0.9764755 0.9764755 0.9764755 0.9764755
0.9764755 0.9764755 0.7932303 0.7932303 0.7932303
0.7932303 0.7932303 0.7932303 0.8962075 0.8962075
0.8962075 0.8962075 0.8820345 0.8820345 0.911792
0.911792 0.911792 0.911792 0.911792 0.911792
0.911792 0.911792 0.882965 0.882965 0.882965
0.882965 0.882965 0.882965 0.882965 0.882965
0.882965 0.882965 0.8537915 0.8537915 0.8537915
0.8537915 0.8903936 0.8903936 0.8903936 0.8903936
0.7140625 0.7140625 0.7140625 0.7720468 0.7720468
0.7720468 0.7720468 0.7720468 0.9578387 0.9578387
0.9578387 0.9578387 0.9578387 0.9578387 0.9578387
0.945769 0.945769 0.945769 0.945769 0.945769
0.945769 0.945769 0.945769 0.7738721 0.8515809
0.8515809 0.8515809 0.8515809 0.8838625 0.8838625
0.8838625 0.8838625 0.8838625 0.8838625 0.8838625
0.8838625 0.8838625 0.8838625 0.8838625 0.8838625
0.8838625 0.8838625 0.9058056 0.9058056 0.9058056
0.9058056 0.9058056 0.9058056 0.9058056 0.8348382
0.8348382 0.8348382 0.8348382 0.8348382 0.9810433
0.9810433 0.9810433 0.9810433 0.9810433 0.9810433
0.9810433 0.9810433 0.9810433 0.9810433 0.9810433
0.9810433 0.9810433 0.9810433 0.9810433 0.9810433
0.9810433 0.9810433 0.9810433 0.9810433 0.9810433
0.9810433 0.9810433 0.9810433 0.9810433 0.9810433
0.9810433 0.9810433 0.9810433 0.9810433 0.9810433
0.9810433 0.9810433 0.9810433 0.9263448 0.9263448
0.9263448 0.9263448 0.9148814 0.9148814 0.9148814
0.9148814 0.9375515 0.9375515 0.9375515 0.9375515
0.9375515 0.9375515 0.9375515 0.9375515 0.7925436
0.7925436 0.7925436 0.7925436 0.8604811 0.8604811
0.8604811 0.93666 0.93666 0.9974568 0.9974568
0.9974568 0.9974568 0.9974568 0.9974568 0.9974568
0.9974568 0.9974568 0.9974568 0.9974568 0.9142854
0.9142854 0.9142854 0.9142854 0.9142854 0.9142854
0.9142854 0.9856237 0.9856237 0.9856237 0.9856237
0.9856237 0.9856237 0.9856237 0.8822298 0.8822298
0.8822298 0.8822298 0.8822298 0.8822298 0.8822298
0.8822298 0.8822298 0.8822298 0.8822298 0.8822298
0.8822298 0.8822298 0.8822298 0.8107666 0.8107666
0.8107666 0.8107666 0.8107666 0.805206 0.805206
0.805206 0.805206 0.805206 0.805206 0.9936483
0.9936483 0.9936483 0.9936483 0.9936483 0.9936483
0.9936483 0.9936483 0.9936483 0.9936483 0.9936483
0.9936483 0.99743 0.99743 0.99743 0.99743
0.99743 0.99743 0.99743 0.99743 0.99743
0.99743 0.99743 0.99743 0.99743 0.99743
0.99743 0.99743 0.99743 0.99743 0.99743
0.99743 0.99743 0.99743 0.99743 0.99743
0.99743 0.99743 0.99743 0.99743 0.99743
0.99743 0.99743 0.99743 0.99743 0.99743
0.9639791 0.9639791 0.6613536 0.6613536 0.8498413
0.8498413 0.8498413 0.8498413 0.8498413 0.8498413
0.8498413 0.8498413 0.8498413 0.8498413 0.8498413
0.9045851 0.9045851 0.9045851 0.9045851 0.9045851
0.8988098 0.8988098 0.8988098 0.8434296 0.8434296
0.9173248 0.9173248 0.9173248 0.9173248 0.9571849
0.9571849 0.9571849 0.8088051 0.8088051 0.8088051
0.8088051 0.8088051 0.9757257 0.9757257 0.9757257
0.9757257 0.9757257 0.9757257 0.9757257 0.939809
0.939809 0.939809 0.9493304 0.9147793 0.9147793
0.9147793 0.9147793 0.9147793 0.9147793 0.9147793
0.86684 0.86684 0.86684 0.86684 0.940338
0.9020524 0.9020524 0.9020524 0.9020524 0.9020524
0.9020524 0.9020524 0.8511195 0.8511195 0.8511195
0.8511195 0.8511195 0.9815456 0.9815456 0.9815456
0.9815456 0.9815456 0.9815456 0.9815456 0.9815456
0.9815456 0.9815456 0.9815456 0.9815456 0.9815456
0.9815456 0.9815456 0.9815456 0.9815456 0.9815456
0.9815456 0.9815456 0.9841446 0.9841446 0.9841446
0.9841446 0.9841446 0.9841446 0.9841446 0.9841446
0.9841446 0.9841446 0.9841446 0.9298224 0.9298224
0.9298224 0.9298224 0.9298224 0.9298224 0.9264277
0.9264277 0.9264277 0.9264277 0.973071 0.973071
0.9968853 0.9968853 0.9968853 0.9968853 0.8835534
0.8835534 0.8922666 0.8922666 0.8922666 0.8922666
0.8922666 0.8922666 0.8922666 0.8922666 0.8922666
0.8922666 0.8922666 0.979953 0.9415783 0.9415783
0.9415783 0.9415783 0.9415783 0.9415783 0.9415783
0.9503535 0.9503535 0.8502598 0.8502598 0.8502598
0.8502598 0.8265594 0.8265594 0.8265594 0.8265594
0.8265594 0.8265594 0.8265594 0.8265594 0.7825906
0.9110684 0.857065 0.8636868 0.8636868 0.8636868
0.8878574 0.8878574 0.9435139 0.7956418 0.7956418
0.7956418 0.7956418 0.7956418 0.7956418 0.9756343
0.9756343 0.9756343 0.9756343 0.9756343 0.9756343
0.9895952 0.9895952 0.9895952 0.9895952 0.9869709
0.9869709 0.9869709 0.994489 0.994489 0.994489
0.994489 0.994489 0.994489 0.994489 0.994489
0.994489 0.994489 0.994489 0.994489 0.994489
0.994489 0.994489 0.994489 0.994489 0.994489
0.994489 0.994489 0.994489 0.586515 0.7044694
0.7044694 0.7044694 0.7044694 0.9824072 0.9824072
0.9824072 0.9824072 0.9824072 0.9824072 0.9824072
0.9824072 0.9824072 0.9824072 0.9713855 0.9713855
0.9713855 0.9713855 0.9713855 0.9713855 0.9713855
0.9713855 0.9713855 0.9713855 0.9713855 0.9713855
0.9713855 0.9713855 0.9713855 0.9713855 0.9713855
0.9713855 0.9713855 0.9713855 0.9713855 0.9713855
0.9713855 0.9713855 0.9713855 0.9713855 0.9713855
0.9713855 0.9713855 0.9713855 0.976956 0.976956
0.976956 0.976956 0.976956 0.9063675 0.9860886
0.9860886 0.9591938 0.9591938 0.9591938 0.9591938
0.9591938 0.9591938 0.9591938 0.9591938 0.9591938
0.9591938 0.7818149 0.7818149 0.8379639 0.8379639
0.8379639 0.8379639 0.8379639 0.9128573 0.9128573
0.9128573 0.9128573 0.9268309 0.9268309 0.9268309
0.9268309 0.9268309 0.9268309 0.9268309 0.9268309
0.9268309 0.9268309 0.9268309 0.9268309 0.9268309
0.9268309 0.750669 0.750669 0.750669 0.750669
0.750669 0.750669 0.750669 0.7433308 0.9736854
0.9342424 0.9342424 0.867755 0.867755 0.867755
0.867755 0.867755 0.867755 0.867755 0.867755
0.867755 0.867755 0.818219 0.818219 0.818219
0.818219 0.818219 0.818219 0.6481016 0.8117265
0.9255494 0.7834024 0.7834024 0.7834024 0.7834024
0.7834024 0.9684659 0.9684659 0.9684659 0.9684659
0.9684659 0.9684659 0.9684659 0.9684659 0.9684659
0.9684659 0.9684659 0.9666054 0.9666054 0.9666054
0.9666054 0.9666054 0.9666054 0.8378054 0.8378054
0.8378054 0.8378054 0.8378054 0.8378054 0.8702543
0.8702543 0.8702543 0.8702543 0.8702543 0.8759797
0.9762639 0.9762639 0.9762639 0.9762639 0.9762639

Markov Chain  5
0.2 0.701479 0.701479 0.701479 0.701479
0.701479 0.5960493 0.5960493 0.5960493 0.6106385
0.6106385 0.8843542 0.8843542 0.8135964 0.8135964
0.7602717 0.7602717 0.7602717 0.7608068 0.7608068
0.925654 0.914518 0.914518 0.9860903 0.9860903
0.9860903 0.9860903 0.9860903 0.9860903 0.9860903
0.9860903 0.9860903 0.9860903 0.9860903 0.9860903
0.9860903 0.9860903 0.9860903 0.9860903 0.9860903
0.9860903 0.9860903 0.9860903 0.9860903 0.9860903
0.9860903 0.877917 0.877917 0.877917 0.877917
0.877917 0.9211243 0.9211243 0.9211243 0.9211243
0.9211243 0.9211243 0.6787596 0.6787596 0.6787596
0.6787596 0.6787596 0.6787596 0.8030008 0.8030008
0.8030008 0.8030008 0.8030008 0.8030008 0.9457654
0.97673 0.97673 0.97673 0.97673 0.97673
0.97673 0.97673 0.97673 0.97673 0.97673
0.97673 0.950075 0.950075 0.950075 0.950075
0.950075 0.950075 0.950075 0.950075 0.950075
0.950075 0.950075 0.950075 0.950075 0.950075
0.950075 0.950075 0.950075 0.950075 0.950075
0.950075 0.950075 0.950075 0.950075 0.950075
0.950075 0.950075 0.950075 0.950075 0.950075
0.950075 0.995117 0.995117 0.995117 0.995117
0.995117 0.995117 0.995117 0.995117 0.995117
0.995117 0.995117 0.995117 0.995117 0.995117
0.995117 0.9064381 0.9064381 0.9064381 0.9064381
0.9064381 0.9064381 0.9443699 0.9443699 0.9443699
0.9443699 0.9443699 0.9443699 0.8918616 0.8918616
0.9082334 0.9082334 0.9082334 0.9082334 0.9082334
0.9082334 0.9082334 0.9082334 0.9082334 0.9082334
0.875742 0.875742 0.875742 0.875742 0.875742
0.875742 0.875742 0.9206683 0.9206683 0.9206683
0.9608812 0.9608812 0.9488573 0.9488573 0.9299115
0.9299115 0.9299115 0.9299115 0.9299115 0.7934591
0.7934591 0.7311422 0.6999474 0.6999474 0.6999474
0.9888421 0.9888421 0.9888421 0.9888421 0.9888421
0.9490699 0.9490699 0.9490699 0.9490699 0.843375
0.843375 0.843375 0.843375 0.7831977 0.7831977
0.7831977 0.7831977 0.7831977 0.6748928 0.6748928
0.7805474 0.8243377 0.6594366 0.6594366 0.8618538
0.8618538 0.8618538 0.857969 0.857969 0.925137
0.925137 0.925137 0.925137 0.925137 0.9852785
0.9852785 0.9852785 0.9852785 0.9852785 0.9852785
0.9852785 0.985125 0.985125 0.985125 0.7718087
0.7718087 0.6211468 0.6713859 0.6713859 0.6713859
0.7077114 0.7077114 0.7077114 0.7077114 0.7077114
0.9510968 0.9510968 0.9139902 0.9139902 0.9139902
0.9139902 0.9139902 0.9139902 0.9139902 0.9139902
0.9139902 0.9139902 0.9139902 0.9139902 0.9139902
0.8373837 0.8373837 0.8373837 0.8373837 0.9761805
0.9761805 0.9761805 0.9761805 0.9761805 0.9761805
0.9761805 0.9761805 0.9761805 0.9761805 0.9761805
0.7656106 0.8927531 0.8927531 0.9971512 0.9971512
0.9971512 0.9463288 0.9463288 0.9463288 0.9463288
0.9463288 0.9463288 0.9463288 0.910566 0.910566
0.910566 0.9423086 0.9423086 0.9423086 0.9423086
0.9423086 0.9276861 0.9276861 0.9276861 0.9276861
0.9276861 0.8819878 0.9279063 0.9279063 0.9279063
0.9279063 0.9279063 0.9279063 0.9279063 0.9279063
0.9279063 0.9279063 0.9279063 0.9279063 0.9279063
0.9279063 0.9279063 0.9279063 0.9279063 0.9279063
0.9279063 0.9279063 0.9481388 0.9481388 0.9481388
0.9481388 0.9481388 0.9481388 0.9481388 0.9481388
0.9481388 0.9481388 0.9481388 0.9481388 0.9481388
0.9481388 0.9481388 0.9481388 0.9481388 0.9481388
0.9481388 0.9481388 0.9481388 0.9481388 0.9481388
0.9481388 0.9481388 0.9481388 0.9481388 0.9481388
0.9481388 0.9481388 0.9481388 0.9481388 0.9481388
0.9481388 0.9481388 0.9481388 0.9481388 0.9481388
0.9481388 0.9481388 0.9806354 0.9806354 0.9806354
0.9806354 0.9806354 0.9806354 0.9806354 0.8972188
0.8972188 0.8972188 0.8972188 0.8972188 0.8972188
0.8972188 0.899128 0.899128 0.899128 0.7602774
0.81159 0.81159 0.81159 0.720188 0.720188
0.9896584 0.9896584 0.9896584 0.8208786 0.8208786
0.8208786 0.8208786 0.8208786 0.8441092 0.8441092
0.8441092 0.8441092 0.8441092 0.8441092 0.8776698
0.8776698 0.8776698 0.8776698 0.8776698 0.8776698
0.8776698 0.8776698 0.8776698 0.8725705 0.8725705
0.8725705 0.8725705 0.8725705 0.8725705 0.8725705
0.8725705 0.8725705 0.9729714 0.9729714 0.9729714
0.9729714 0.9729714 0.9729714 0.9729714 0.9729714
0.9729714 0.9729714 0.9729714 0.9729714 0.9729714
0.9729714 0.9655155 0.9655155 0.9655155 0.8527363
0.8527363 0.8527363 0.8527363 0.8527363 0.8527363
0.7868251 0.7075416 0.770418 0.770418 0.770418
0.770418 0.770418 0.770418 0.770418 0.770418
0.770418 0.770418 0.7430152 0.7430152 0.7430152
0.8804798 0.8804798 0.8804798 0.8804798 0.8804798
0.8804798 0.8804798 0.9010802 0.9010802 0.9010802
0.9010802 0.9010802 0.9010802 0.9010802 0.9010802
0.9010802 0.9164105 0.9164105 0.9164105 0.9164105
0.9164105 0.9164105 0.9164105 0.9164105 0.9164105
0.9164105 0.8007048 0.9783834 0.9783834 0.9783834
0.9783834 0.9783834 0.9783834 0.9783834 0.9783834
0.9783834 0.9783834 0.9783834 0.9783834 0.9865428
0.9865428 0.9865428 0.9865428 0.9865428 0.9865428
0.9865428 0.9865428 0.9865428 0.9865428 0.9865428
0.9865428 0.9865428 0.9865428 0.9865428 0.9865428
0.9865428 0.9865428 0.9865428 0.9865428 0.9865428
0.9865428 0.9865428 0.9865428 0.9865428 0.9865428
0.9865428 0.9865428 0.9865428 0.9865428 0.9865428
0.9865428 0.9865428 0.9865428 0.9865428 0.9865428
0.9865428 0.9865428 0.9865428 0.9349932 0.9173739
0.9173739 0.9173739 0.9173739 0.9173739 0.9173739
0.9173739 0.9173739 0.9173739 0.8812587 0.8812587
0.8812587 0.8812587 0.8812587 0.8812587 0.8812587
0.8812587 0.8812587 0.8812587 0.8812587 0.9589552
0.9589552 0.9589552 0.9589552 0.9589552 0.9773679
0.9773679 0.9773679 0.9773679 0.9773679 0.9773679
0.9773679 0.9773679 0.9773679 0.9773679 0.9773679
0.9773679 0.9773679 0.9773679 0.9379554 0.9379554
0.9379554 0.8993562 0.8993562 0.8993562 0.8993562
0.8993562 0.9129805 0.9129805 0.9129805 0.9129805
0.9129805 0.9129805 0.9129805 0.9129805 0.893319
0.9350148 0.9350148 0.9350148 0.9350148 0.6296323
0.9152419 0.9152419 0.9152419 0.9152419 0.9183735
0.9183735 0.9183735 0.9183735 0.9183735 0.9183735
0.9183735 0.9183735 0.9183735 0.9183735 0.9183735
0.9183735 0.9183735 0.9688608 0.9688608 0.9688608
0.9688608 0.9688608 0.9688608 0.9688608 0.943783
0.943783 0.9521288 0.9521288 0.9521288 0.9521288
0.9521288 0.855679 0.855679 0.855679 0.855679
0.855679 0.855679 0.855679 0.9106888 0.9106888
0.9106888 0.9106888 0.8852687 0.8852687 0.8852687
0.8852687 0.8852687 0.7839278 0.7839278 0.7839278
0.8478131 0.8478131 0.8478131 0.8478131 0.8560378
0.8560378 0.8560378 0.8560378 0.9650172 0.9650172
0.9650172 0.9650172 0.9650172 0.9650172 0.9650172
0.9650172 0.9650172 0.6841351 0.841878 0.841878
0.841878 0.841878 0.841878 0.841878 0.841878
0.841878 0.841878 0.841878 0.841878 0.841878
0.841878 0.841878 0.841878 0.841878 0.81005
0.7005129 0.870156 0.870156 0.870156 0.870156
0.870156 0.870156 0.818589 0.818589 0.818589
0.818589 0.682617 0.8901074 0.8901074 0.8901074
0.7928722 0.7653952 0.7653952 0.7653952 0.7653952
0.7653952 0.7653952 0.9138536 0.9138536 0.9138536
0.9138536 0.9754259 0.9754259 0.9754259 0.9754259
0.9754259 0.9754259 0.9754259 0.9754259 0.9658348
0.9658348 0.9658348 0.9658348 0.9658348 0.9658348
0.9658348 0.9658348 0.9658348 0.9658348 0.9658348
0.9658348 0.9658348 0.9658348 0.9658348 0.9658348
0.9658348 0.9658348 0.9658348 0.9658348 0.9658348
0.9658348 0.9658348 0.9658348 0.9658348 0.9658348
0.9658348 0.9658348 0.9658348 0.9658348 0.9658348
0.9658348 0.9658348 0.9560087 0.9560087 0.9560087
0.9560087 0.9560087 0.9560087 0.9560087 0.9560087
0.9560087 0.9560087 0.9560087 0.7261785 0.7261785
0.7361998 0.7005801 0.7861302 0.7861302 0.7861302
0.681227 0.7634898 0.7634898 0.7634898 0.7634898
0.7634898 0.7634898 0.796601 0.919755 0.919755
0.919755 0.8362166 0.8362166 0.811967 0.811967
0.811967 0.811967 0.811967 0.958579 0.958579
0.958579 0.958579 0.902268 0.902268 0.902268
0.902268 0.902268 0.902268 0.902268 0.9128616
0.9128616 0.9128616 0.9128616 0.9661361 0.9661361
0.9661361 0.9661361 0.9661361 0.9661361 0.9661361
0.9992976 0.9992976 0.9992976 0.9992976 0.9992976
0.9992976 0.9992976 0.9992976 0.9992976 0.9992976
0.9513679 0.9513679 0.9766611 0.9766611 0.9766611
0.9766611 0.9405155 0.9405155 0.9405155 0.9405155
0.9405155 0.9405155 0.6511602 0.6511602 0.6511602
0.6511602 0.6511602 0.956286 0.956286 0.956286
0.7637674 0.766163 0.8883069 0.8883069 0.8883069
0.8883069 0.922375 0.8654297 0.8654297 0.8654297
0.8654297 0.8654297 0.6977341 0.6977341 0.6977341
0.6977341 0.6977341 0.6977341 0.7897497 0.9381274
0.945967 0.945967 0.945967 0.945967 0.945967
0.945967 0.945967 0.9360465 0.9360465 0.9360465
0.9360465 0.9360465 0.9360465 0.9360465 0.9360465
0.8827843 0.8827843 0.8827843 0.8827843 0.8827843
0.8827843 0.8827843 0.8827843 0.8827843 0.8827843
0.8827843 0.8827843 0.9938062 0.9938062 0.9938062
0.9938062 0.8488333 0.8488333 0.6526539 0.6526539
0.6526539 0.6526539 0.6933889 0.6933889 0.6161038
0.9396808 0.9396808 0.9396808 0.9396808 0.9396808
0.9396808 0.9396808 0.9396808 0.9396808 0.9396808
0.9396808 0.9396808 0.9396808 0.9396808 0.9003216
0.9003216 0.8430074 0.8430074 0.8430074 0.8430074
0.8430074 0.8430074 0.8430074 0.8581402 0.8581402
0.869874 0.869874 0.869874 0.869874 0.869874
0.869874 0.869874 0.8846731 0.8846731 0.8846731
0.8846731 0.8846731 0.9121493 0.9121493 0.9121493
0.9121493 0.9121493 0.959648 0.9695398 0.9695398
0.843006 0.843006 0.843006 0.843006 0.843006
0.8877107 0.8877107 0.8877107 0.9810452 0.9810452
0.9810452 0.9810452 0.9810452 0.9810452 0.9810452
0.9810452 0.958077 0.958077 0.9672863 0.9672863
0.7994608 0.7994608 0.7994608 0.9619478 0.9619478
0.9776742 0.9776742 0.9776742 0.9776742 0.9776742
0.9776742 0.9776742 0.9776742 0.9776742 0.9776742
0.9776742 0.9776742 0.9776742 0.9776742 0.9776742
0.9776742 0.9027289 0.9027289 0.8434148 0.8434148
0.8434148 0.8434148 0.8434148 0.8434148 0.8331696
0.905236 0.905236 0.905236 0.905236 0.8712697
0.8712697 0.8627069 0.8627069 0.8627069 0.9058532
0.9058532 0.9058532 0.9058532 0.8748095 0.8748095
0.8748095 0.8748095 0.8748095 0.8748095 0.9767046
0.9260596 0.9308119 0.9308119 0.9308119 0.9308119

Markov Chain 6
0.2 0.2 0.9349695 0.9349695 0.9349695
0.9349695 0.9349695 0.6820467 0.8204897 0.8204897
0.8786734 0.8786734 0.8786734 0.5799579 0.5799579
0.8793727 0.7801668 0.7801668 0.7801668 0.7801668
0.7801668 0.7801668 0.7801668 0.7801668 0.7801668
0.7801668 0.7801668 0.7801668 0.985115 0.985115
0.985115 0.985115 0.985115 0.985115 0.985115
0.985115 0.985115 0.985115 0.985115 0.985115
0.985115 0.985115 0.985115 0.9688378 0.9688378
0.9688378 0.9688378 0.9654351 0.9654351 0.9654351
0.9654351 0.7723133 0.7723133 0.716995 0.716995
0.716995 0.716995 0.716995 0.716995 0.9887327
0.9887327 0.9887327 0.9887327 0.9887327 0.9887327
0.9887327 0.9887327 0.9887327 0.9887327 0.9887327
0.9887327 0.9887327 0.9814928 0.9814928 0.9814928
0.9814928 0.9814928 0.9814928 0.9814928 0.9814928
0.9814928 0.9814928 0.9716572 0.9716572 0.9716572
0.9716572 0.9716572 0.9716572 0.9716572 0.9716572
0.9716572 0.9716572 0.9716572 0.9716572 0.9716572
0.9716572 0.9716572 0.9716572 0.9716572 0.9716572
0.9716572 0.9716572 0.9716572 0.9716572 0.9716572
0.9716572 0.9716572 0.9716572 0.8579344 0.8579344
0.8568084 0.8568084 0.8568084 0.8568084 0.8568084
0.8568084 0.9299516 0.9299516 0.9299516 0.8778101
0.8778101 0.8778101 0.8778101 0.8778101 0.8778101
0.9839887 0.9839887 0.9839887 0.9839887 0.9839887
0.9839887 0.9839887 0.9839887 0.9839887 0.9839887
0.9839887 0.9825957 0.9825957 0.9825957 0.9825957
0.9825957 0.9825957 0.9825957 0.9825957 0.9825957
0.9825957 0.9825957 0.9825957 0.9825957 0.9825957
0.9825957 0.837206 0.837206 0.837206 0.837206
0.8798639 0.9706515 0.9706515 0.9706515 0.9706515
0.9706515 0.9706515 0.9706515 0.9706515 0.9706515
0.9706515 0.8283023 0.8283023 0.8687931 0.8687931
0.8687931 0.8687931 0.8687931 0.8687931 0.8687931
0.8687931 0.8687931 0.8687931 0.8687931 0.8687931
0.8687931 0.8687931 0.8687931 0.8687931 0.8687931
0.8687931 0.8687931 0.8687931 0.8687931 0.8687931
0.8687931 0.8687931 0.8687931 0.8535577 0.8535577
0.9380537 0.9380537 0.9380537 0.9380537 0.9380537
0.9380537 0.9380537 0.9380537 0.9380537 0.9380537
0.9380537 0.8770743 0.8131556 0.8131556 0.9728709
0.9728709 0.9728709 0.9728709 0.9728709 0.9728709
0.9728709 0.9728709 0.9728709 0.9728709 0.9728709
0.9728709 0.9728709 0.9728709 0.9728709 0.9728709
0.9728709 0.9728709 0.9728709 0.9728709 0.9970022
0.9970022 0.9970022 0.9993507 0.8887347 0.8887347
0.8887347 0.8887347 0.8887347 0.7957301 0.9569521
0.9569521 0.9569521 0.9569521 0.9569521 0.9569521
0.9569521 0.9569521 0.9569521 0.9569521 0.9569521
0.9569521 0.9569521 0.9569521 0.9569521 0.9569521
0.9569521 0.9569521 0.9569521 0.8256646 0.8256646
0.8256646 0.8992288 0.8992288 0.8992288 0.8992288
0.8992288 0.8992288 0.981008 0.8822049 0.9596901
0.9596901 0.9596901 0.9596901 0.8533161 0.8533161
0.8533161 0.8533161 0.8533161 0.8533161 0.8533161
0.8933485 0.8913168 0.8913168 0.8913168 0.8913168
0.8913168 0.8913168 0.8913168 0.8913168 0.8913168
0.8913168 0.8913168 0.8913168 0.9514144 0.9514144
0.9759655 0.9759655 0.9759655 0.9759655 0.9759655
0.9759655 0.9759655 0.9759655 0.9759655 0.9759655
0.9759655 0.9759655 0.9759655 0.9759655 0.9759655
0.9759655 0.9759655 0.9759655 0.9759655 0.9759655
0.9759655 0.9759655 0.9759655 0.9759655 0.9759655
0.9759655 0.9759655 0.9759655 0.9759655 0.9759655
0.979948 0.979948 0.8916281 0.8916281 0.8916281
0.8916281 0.8916281 0.8916281 0.8916281 0.8916281
0.8916281 0.8916281 0.9841902 0.9199478 0.9199478
0.9199478 0.9199478 0.9199478 0.8100618 0.8100618
0.8100618 0.8100618 0.8100618 0.8100618 0.9382626
0.9382626 0.9382626 0.9382626 0.9382626 0.9382626
0.9382626 0.9382626 0.9382626 0.9288852 0.9288852
0.9288852 0.9288852 0.9288852 0.9288852 0.9288852
0.9288852 0.870004 0.870004 0.8756585 0.8756585
0.8756585 0.8756585 0.8756585 0.8756585 0.8756585
0.8756585 0.8756585 0.8756585 0.8756585 0.8756585
0.8756585 0.8756585 0.5450739 0.7408684 0.7408684
0.7408684 0.7408684 0.7408684 0.8018832 0.8018832
0.8018832 0.8018832 0.8018832 0.8018832 0.8018832
0.8018832 0.8018832 0.8018832 0.7395492 0.7395492
0.7395492 0.7395492 0.7395492 0.8027292 0.8027292
0.8197456 0.8197456 0.8197456 0.8197456 0.8197456
0.851483 0.851483 0.851483 0.851483 0.851483
0.8390952 0.8390952 0.8390952 0.8430923 0.811168
0.6417193 0.8953726 0.8953726 0.8566575 0.8566575
0.794242 0.794242 0.794242 0.794242 0.794242
0.7951517 0.7482412 0.9667575 0.9667575 0.9667575
0.9667575 0.9667575 0.9667575 0.9667575 0.9667575
0.9667575 0.9667575 0.8678758 0.8678758 0.9650799
0.9650799 0.9650799 0.9553425 0.9553425 0.9553425
0.9768103 0.9768103 0.9768103 0.9768103 0.9768103
0.9768103 0.9768103 0.9768103 0.9768103 0.9768103
0.9768103 0.9768103 0.9768103 0.9768103 0.9768103
0.9768103 0.9768103 0.9768103 0.9768103 0.9596778
0.9596778 0.9596778 0.9596778 0.9585543 0.9585543
0.973396 0.973396 0.973396 0.8033477 0.587141
0.587141 0.6619862 0.6619862 0.6619862 0.6619862
0.9147386 0.9147386 0.9147386 0.9147386 0.9147386
0.9147386 0.9147386 0.9147386 0.9147386 0.9147386
0.9147386 0.9147386 0.55456 0.55456 0.55456
0.55456 0.931598 0.931598 0.931598 0.9996712
0.9996712 0.9996712 0.9996712 0.9996712 0.9996712
0.9996712 0.9996712 0.9996712 0.9996712 0.9996712
0.9996712 0.9996712 0.9996712 0.9996712 0.9996712
0.9996712 0.9996712 0.9996712 0.9640248 0.8886103
0.8886103 0.8886103 0.8886103 0.8886103 0.8886103
0.8886103 0.8886103 0.8886103 0.8886103 0.8886103
0.9540711 0.9540711 0.9540711 0.863163 0.863163
0.863163 0.8936563 0.8936563 0.8936563 0.8936563
0.8936563 0.8479295 0.8479295 0.8479295 0.8479295
0.8479295 0.8479295 0.8479295 0.8968758 0.8968758
0.8968758 0.897088 0.897088 0.897088 0.897088
0.897088 0.7580438 0.7580438 0.7580438 0.7580438
0.7580438 0.789846 0.789846 0.789846 0.667383
0.878913 0.878913 0.878913 0.878913 0.878913
0.908797 0.908797 0.908797 0.908797 0.7122422
0.7122422 0.7122422 0.7122422 0.7875168 0.7875168
0.7875168 0.7875168 0.7875168 0.7875168 0.7875168
0.8856577 0.8856577 0.8856577 0.8774788 0.8774788
0.8774788 0.8774788 0.8774788 0.8774788 0.8774788
0.8774788 0.8774788 0.8774788 0.8774788 0.8774788
0.8648167 0.8648167 0.8648167 0.8648167 0.8648167
0.8648167 0.8648167 0.8648167 0.8648167 0.8648167
0.938373 0.8588347 0.8588347 0.8588347 0.8588347
0.8588347 0.8663485 0.8663485 0.8663485 0.8663485
0.8663485 0.8663485 0.8663485 0.8663485 0.8504383
0.8504383 0.8504383 0.8504383 0.8504383 0.8504383
0.8504383 0.8504383 0.8504383 0.8504383 0.9837677
0.9837677 0.9837677 0.9837677 0.9837677 0.9837677
0.8955638 0.8955638 0.9438116 0.9438116 0.9438116
0.9438116 0.9438116 0.9438116 0.9438116 0.9438116
0.9438116 0.9438116 0.9438116 0.9438116 0.9438116
0.9438116 0.9438116 0.9438116 0.9438116 0.9438116
0.9438116 0.9438116 0.9438116 0.9438116 0.9438116
0.9438116 0.9438116 0.9438116 0.9438116 0.9438116
0.9438116 0.9438116 0.9438116 0.9438116 0.9438116
0.9438116 0.9438116 0.9438116 0.8936652 0.8936652
0.8936652 0.8936652 0.8936652 0.8936652 0.8936652
0.8936652 0.8705217 0.9021647 0.9021647 0.9021647
0.9021647 0.9021647 0.969002 0.9399915 0.9399915
0.9399915 0.9399915 0.9399915 0.9399915 0.9399915
0.9399915 0.9399915 0.9399915 0.9512084 0.9512084
0.9512084 0.9512084 0.9512084 0.9512084 0.9512084
0.9512084 0.9694091 0.9694091 0.9694091 0.9694091
0.9694091 0.9694091 0.9694091 0.828329 0.828329
0.828329 0.828329 0.828329 0.828329 0.8621046
0.9308967 0.9308967 0.9308967 0.9308967 0.9308967
0.9260859 0.7709942 0.7709942 0.7709942 0.95511
0.95511 0.95511 0.95511 0.95511 0.95511
0.95511 0.95511 0.95511 0.95511 0.95511
0.95511 0.95511 0.7156972 0.7156972 0.7156972
0.8311286 0.8311286 0.8930682 0.8930682 0.8930682
0.8930682 0.8930682 0.8930682 0.8930682 0.8930682
0.8930682 0.8930682 0.8930682 0.8930682 0.8930682
0.8930682 0.8930682 0.8930682 0.8796972 0.8796972
0.8796972 0.80397 0.80397 0.80397 0.7830049
0.9025915 0.9025915 0.9025915 0.9025915 0.9025915
0.9025915 0.9025915 0.9025915 0.9025915 0.9025915
0.9025915 0.9025915 0.9381748 0.9381748 0.9381748
0.9407983 0.9407983 0.9407983 0.9407983 0.935542
0.935542 0.935542 0.935542 0.935542 0.935542
0.935542 0.935542 0.935542 0.935542 0.935542
0.935542 0.935542 0.935542 0.935542 0.935542
0.935542 0.935542 0.935542 0.935542 0.935542
0.9751674 0.9751674 0.9625433 0.9625433 0.9625433
0.9625433 0.9625433 0.9625433 0.9625433 0.9625433
0.9625433 0.9625433 0.9625433 0.8837525 0.8837525
0.8837525 0.8837525 0.8837525 0.8287701 0.8287701
0.8287701 0.9050527 0.9050527 0.9050527 0.9050527
0.9050527 0.9050527 0.9050527 0.9050527 0.9050527
0.8481638 0.8481638 0.8481638 0.8481638 0.8927632
0.8927632 0.8927632 0.8927632 0.8927632 0.8927632
0.8927632 0.8927632 0.8927632 0.8927632 0.8927632
0.9570167 0.9570167 0.9570167 0.9636292 0.9636292
0.9636292 0.9636292 0.9636292 0.9636292 0.9636292
0.9636292 0.9636292 0.9636292 0.987405 0.987405
0.987405 0.987405 0.987405 0.987405 0.987405
0.987405 0.987405 0.987405 0.987405 0.987405
0.987405 0.987405 0.987405 0.987405 0.987405
0.9961306 0.9961306 0.9961306 0.9961306 0.9961306
0.9961306 0.9961306 0.9961306 0.9961306 0.9961306
0.9961306 0.9961306 0.9961306 0.9961306 0.9961306
0.9961306 0.9961306 0.9961306 0.8976627 0.8976627
0.8470012 0.8569902 0.8569902 0.8935881 0.9555396
0.9555396 0.8671746 0.8671746 0.8671746 0.888877
0.9039545 0.9039545 0.9039545 0.9191995 0.9191995
0.9191995 0.9191995 0.9191995 0.9191995 0.9191995
0.9191995 0.9191995 0.9191995 0.9716882 0.9822778
0.9730123 0.8882758 0.8882758 0.9496002 0.9496002
0.9496002 0.9496002 0.9496002 0.9496002 0.9496002
0.9496002 0.9496002 0.9496002 0.9496002 0.9496002
0.9496002 0.9496002 0.8435593 0.8435593 0.8435593
0.8435593 0.9951262 0.9951262 0.9951262 0.9951262
0.9951262 0.9951262 0.9951262 0.9951262 0.9951262
0.9951262 0.9951262 0.9790217 0.9790217 0.9790217
0.9790217 0.9790217 0.9790217 0.9790217 0.9790217
0.9459623 0.9459623 0.9459623 0.9459623 0.9459623
0.9459623 0.9459623 0.9459623 0.9459623 0.9459623
0.9459623 0.9459623 0.9459623 0.9459623 0.9459623
0.980582 0.879356 0.879356 0.879356 0.879356

Markov Chain 7
0.2 0.4236208 0.7809956 0.9365303 0.9365303
0.9365303 0.9365303 0.9365303 0.868912 0.868912
0.868912 0.868912 0.868912 0.868912 0.6386245
0.3953389 0.6592596 0.6592596 0.952541 0.952541
0.952541 0.952541 0.952541 0.952541 0.952541
0.952541 0.952541 0.952541 0.952541 0.952541
0.952541 0.9324958 0.9324958 0.9324958 0.9324958
0.9324958 0.9324958 0.9346942 0.9346942 0.9346942
0.9346942 0.9346942 0.9346942 0.9346942 0.9346942
0.9346942 0.9346942 0.9346942 0.9346942 0.9286
0.9286 0.972344 0.972344 0.972344 0.972344
0.972344 0.972344 0.972344 0.972344 0.8925285
0.8925285 0.8925285 0.8925285 0.8925285 0.9011764
0.9011764 0.9011764 0.9011764 0.9011764 0.8999784
0.8999784 0.8999784 0.8999784 0.8999784 0.8999784
0.8304639 0.8304639 0.8304639 0.8304639 0.8304639
0.8304639 0.926466 0.926466 0.926466 0.926466
0.9256993 0.9256993 0.9256993 0.9256993 0.9449321
0.9449321 0.9449321 0.8129125 0.8129125 0.7346754
0.7346754 0.7346754 0.7346754 0.7346754 0.7346754
0.7346754 0.7346754 0.7346754 0.6903676 0.7157
0.7395077 0.8938461 0.917262 0.9201097 0.9201097
0.9201097 0.9201097 0.9201097 0.9201097 0.9201097
0.9201097 0.9201097 0.9201097 0.9201097 0.9201097
0.9201097 0.9201097 0.9201097 0.9201097 0.9201097
0.9201097 0.8277734 0.8277734 0.8429905 0.8429905
0.8429905 0.8429905 0.8429905 0.8429905 0.8282742
0.8282742 0.9994423 0.9994423 0.9994423 0.9994423
0.9647117 0.9647117 0.9647117 0.9647117 0.9919788
0.9919788 0.9919788 0.9919788 0.9919788 0.9919788
0.9919788 0.9919788 0.9919788 0.9919788 0.9919788
0.9919788 0.9919788 0.9202299 0.9202299 0.9202299
0.9202299 0.9202299 0.9202299 0.9202299 0.9202299
0.9202299 0.9202299 0.9202299 0.9202299 0.9202299
0.9202299 0.9202299 0.9202299 0.9202299 0.9202299
0.9202299 0.9202299 0.9202299 0.9202299 0.9202299
0.998384 0.998384 0.998384 0.998384 0.9690661
0.9690661 0.9690661 0.9690661 0.9690661 0.9690661
0.9690661 0.9690661 0.9690661 0.9690661 0.9690661
0.8230646 0.8230646 0.8821062 0.8821062 0.8821062
0.9197147 0.9197147 0.9197147 0.9197147 0.9197147
0.9197147 0.9197147 0.9197147 0.9197147 0.9197147
0.9197147 0.9197147 0.9197147 0.9197147 0.9197147
0.9197147 0.9197147 0.9197147 0.9197147 0.9197147
0.9197147 0.9197147 0.9197147 0.9197147 0.9197147
0.9197147 0.9197147 0.9197147 0.896423 0.896423
0.896423 0.896423 0.896423 0.8048577 0.8080083
0.8080083 0.8080083 0.8080083 0.8631632 0.8631632
0.9415702 0.9415702 0.9415702 0.9415702 0.9415702
0.9415702 0.9415702 0.9415702 0.9415702 0.9415702
0.9415702 0.9415702 0.9415702 0.9415702 0.9415702
0.9415702 0.9415702 0.9415702 0.8603457 0.778383
0.8931655 0.8931655 0.8931655 0.8931655 0.9487038
0.9487038 0.9487038 0.9487038 0.9487038 0.9487038
0.9487038 0.9487038 0.9487038 0.9487038 0.9487038
0.9487038 0.9487038 0.9487038 0.9487038 0.9487038
0.9487038 0.9487038 0.9487038 0.9487038 0.9487038
0.9487038 0.9487038 0.9487038 0.9487038 0.9487038
0.7287745 0.7287745 0.799473 0.799473 0.799473
0.799473 0.799473 0.799473 0.799473 0.799473
0.799473 0.799473 0.8693774 0.8693774 0.8647517
0.8647517 0.8647517 0.8647517 0.8647517 0.8647517
0.8647517 0.8647517 0.8647517 0.8647517 0.8647517
0.8647517 0.6168768 0.845164 0.7846008 0.7846008
0.8319402 0.8319402 0.8319402 0.8319402 0.8319402
0.9826998 0.979136 0.979136 0.979136 0.979136
0.979136 0.8667053 0.8667053 0.8667053 0.8667053
0.8667053 0.9243571 0.8388658 0.8388658 0.681747
0.681747 0.8104091 0.8368858 0.8671365 0.8671365
0.8671365 0.8671365 0.8671365 0.8671365 0.8671365
0.8671365 0.8671365 0.8671365 0.9157387 0.9157387
0.9157387 0.9157387 0.9157387 0.9157387 0.9157387
0.9157387 0.9596335 0.9596335 0.9596335 0.9596335
0.9596335 0.9596335 0.9596335 0.9596335 0.9596335
0.9596335 0.9596335 0.9596335 0.968305 0.968305
0.968305 0.968305 0.968305 0.968305 0.968305
0.968305 0.968305 0.968305 0.968305 0.9314399
0.9314399 0.922445 0.922445 0.896782 0.896782
0.896782 0.9235633 0.9235633 0.9235633 0.9235633
0.9235633 0.9235633 0.9235633 0.9235633 0.9235633
0.802752 0.802752 0.802752 0.9132913 0.9132913
0.9132913 0.9132913 0.9132913 0.8384028 0.9496314
0.9496314 0.9496314 0.9496314 0.9496314 0.9496314
0.9496314 0.9496314 0.9496314 0.9496314 0.9496314
0.9496314 0.9496314 0.9478148 0.9478148 0.9478148
0.9478148 0.9478148 0.9478148 0.9478148 0.9478148
0.9478148 0.9478148 0.9478148 0.9478148 0.9478148
0.9478148 0.9478148 0.9478148 0.9478148 0.9478148
0.9851124 0.9851124 0.9851124 0.9851124 0.9851124
0.9851124 0.9851124 0.9851124 0.9851124 0.9851124
0.9851124 0.9851124 0.9851124 0.9851124 0.9851124
0.9851124 0.9851124 0.9851124 0.9851124 0.9851124
0.9851124 0.7428084 0.6818119 0.8910991 0.8910991
0.8910991 0.8910991 0.8910991 0.8910991 0.8910991
0.8910991 0.9980666 0.9980666 0.9980666 0.9980666
0.9980666 0.9983632 0.9983632 0.9983632 0.9983632
0.9676887 0.9676887 0.990823 0.990823 0.990823
0.990823 0.990823 0.990823 0.990823 0.990823
0.990823 0.9391376 0.8157692 0.8157692 0.8157692
0.989584 0.989584 0.989584 0.989584 0.989584
0.989584 0.989584 0.989584 0.989584 0.989584
0.989584 0.989584 0.989584 0.989584 0.989584
0.989584 0.989584 0.7576125 0.7576125 0.8729066
0.974192 0.974192 0.974192 0.974192 0.974192
0.974192 0.974192 0.974192 0.974192 0.974192
0.974192 0.974192 0.974192 0.974192 0.9635737
0.9635737 0.9635737 0.9635737 0.9635737 0.9635737
0.9635737 0.9635737 0.9635737 0.9635737 0.9635737
0.9635737 0.9635737 0.9635737 0.9635737 0.9635737
0.9635737 0.9635737 0.9635737 0.9635737 0.9635737
0.9635737 0.9635737 0.9635737 0.9635737 0.9635737
0.9635737 0.9635737 0.9635737 0.9635737 0.9385758
0.9385758 0.9385758 0.9385758 0.9385758 0.9385758
0.9385758 0.9385758 0.9385758 0.9385758 0.9385758
0.9385758 0.9358195 0.9358195 0.9358195 0.9358195
0.9358195 0.9409593 0.9409593 0.9409593 0.9409593
0.9409593 0.9409593 0.9187412 0.9187412 0.9187412
0.9187412 0.9187412 0.9196895 0.990618 0.990618
0.990618 0.990618 0.8204324 0.928458 0.928458
0.928458 0.928458 0.965705 0.965705 0.965705
0.965705 0.965705 0.965705 0.965705 0.965705
0.965705 0.965705 0.965705 0.965705 0.965705
0.965705 0.965705 0.965705 0.965705 0.965705
0.965705 0.965705 0.965705 0.965705 0.965705
0.845175 0.845175 0.845175 0.845175 0.9661588
0.9661588 0.9661588 0.9661588 0.9661588 0.9661588
0.960519 0.960519 0.960519 0.960519 0.960519
0.7641686 0.7641686 0.7641686 0.7641686 0.7641686
0.6582588 0.6582588 0.6582588 0.7075145 0.6974401
0.6974401 0.6974401 0.6974401 0.6974401 0.9469618
0.919679 0.919679 0.919679 0.919679 0.919679
0.919679 0.919679 0.919679 0.919679 0.919679
0.919679 0.919679 0.919679 0.919679 0.919679
0.9986114 0.9986114 0.9986114 0.9986114 0.9986114
0.9986114 0.8997041 0.9369807 0.9369807 0.9369807
0.9369807 0.9641514 0.9641514 0.9641514 0.9641514
0.9641514 0.9641514 0.8800823 0.9546374 0.9546374
0.9546374 0.9546374 0.9546374 0.9546374 0.9546374
0.9546374 0.9546374 0.9546374 0.9801814 0.9700482
0.9700482 0.9700482 0.9700482 0.9700482 0.9700482
0.9700482 0.9700482 0.9700482 0.9700482 0.9700482
0.9700482 0.9700482 0.9700482 0.9700482 0.9700482
0.9700482 0.9700482 0.9700482 0.9700482 0.9700482
0.9329793 0.9329793 0.9994828 0.9994828 0.9994828
0.9994828 0.9994828 0.9994828 0.9994828 0.9994828
0.9994828 0.9994828 0.9994828 0.9994828 0.9994828
0.9994828 0.9994828 0.9994828 0.9408986 0.9408986
0.9408986 0.9408986 0.9408986 0.9408986 0.9408986
0.9408986 0.9408986 0.8818575 0.8818575 0.8818575
0.9615935 0.9615935 0.9615935 0.9615935 0.9615935
0.9615935 0.9615935 0.9615935 0.9615935 0.9615935
0.9615935 0.9615935 0.9615935 0.9615935 0.9615935
0.9615935 0.9615935 0.9615935 0.9615935 0.9410637
0.9099727 0.9099727 0.9099727 0.9099727 0.9099727
0.9099727 0.9099727 0.9099727 0.96495 0.8395387
0.8395387 0.8395387 0.8395387 0.8395387 0.8395387
0.8395387 0.8395387 0.8395387 0.802453 0.802453
0.7896527 0.7896527 0.7896527 0.8492426 0.8492426
0.8492426 0.892304 0.8776499 0.8776499 0.9074422
0.9074422 0.9074422 0.9074422 0.8321146 0.8321146
0.8321146 0.944987 0.944987 0.944987 0.9082647
0.9082647 0.9433257 0.8308511 0.8308511 0.8308511
0.9276098 0.9276098 0.9276098 0.9276098 0.9276098
0.9310455 0.9310455 0.9310455 0.9310455 0.9310455
0.9310455 0.9310455 0.9994622 0.9994622 0.9597306
0.9597306 0.9597306 0.9597306 0.9597306 0.9597306
0.9597306 0.9597306 0.9597306 0.9597306 0.9597306
0.9597306 0.9597306 0.9597306 0.9597306 0.9597306
0.8777796 0.8777796 0.8777796 0.8777796 0.8777796
0.8777796 0.8992354 0.8992354 0.8992354 0.8992354
0.9208509 0.7609645 0.8810845 0.9555596 0.9555596
0.9555596 0.82687 0.82687 0.7931555 0.7931555
0.8006695 0.8006695 0.8006695 0.8006695 0.8006695
0.9097595 0.9097595 0.9097595 0.8928759 0.8928759
0.8928759 0.8928759 0.8928759 0.8928759 0.8928759
0.8928759 0.8928759 0.858012 0.858012 0.858012
0.858012 0.858012 0.7013526 0.7013526 0.7013526
0.7013526 0.7121123 0.7764628 0.7764628 0.7764628
0.7764628 0.8596477 0.8596477 0.8596477 0.8918203
0.8918203 0.9606374 0.9606374 0.9606374 0.8910188
0.8910188 0.8910188 0.8910188 0.8910188 0.8910188
0.8910188 0.8910188 0.8910188 0.8910188 0.965613
0.965613 0.965613 0.9412604 0.9412604 0.9412604
0.9412604 0.9412604 0.9412604 0.9412604 0.9412604
0.9412604 0.9412604 0.9412604 0.9412604 0.9412604
0.845991 0.845991 0.9809598 0.9809598 0.9809598
0.9809598 0.9809598 0.9809598 0.9809598 0.9809598
0.9809598 0.9809598 0.9809598 0.9809598 0.9809598
0.9809598 0.9809598 0.9809598 0.9809598 0.9809598
0.9809598 0.9809598 0.9809598 0.9809598 0.9809598
0.9809598 0.9809598 0.9809598 0.9809598 0.9809598
0.9809598 0.9809598 0.928018 0.928018 0.928018
0.9403734 0.9403734 0.9403734 0.9403734 0.9403734
0.8384549 0.8384549 0.8384549 0.8384549 0.9070736
0.9070736 0.9070736 0.9070736 0.9070736 0.9070736
0.8740025 0.8740025 0.8740025 0.9325571 0.9325571
0.9325571 0.9161317 0.9161317 0.9161317 0.9161317
0.9161317 0.9161317 0.9161317 0.9161317 0.9161317
0.9161317 0.9161317 0.9161317 0.9161317 0.9161317
0.9161317 0.9161317 0.9161317 0.900172 0.900172
