X-values
2.006879 -0.2268492 1.890727 -1.153197 0.3944078
2.743501 2.487419 0.2951412 0.7934735 0.4600592
1.552909 -0.2022141 2.388844 0.2271808 -0.2950435
1.099777 -0.2572169 -1.167590 0.405598 -0.2935125
0.5791502 3.136606 -0.7891322 -1.282106 0.2848313
-0.1330181 -0.5314661 1.897926 -0.05381629 1.188219
1.625147 3.414554 0.3951068 -0.230032 -0.5250231
0.6615464 -2.928743 1.099806 1.226490 -1.376977
-0.05178148 1.715508 2.239324 -1.036840 -2.045569
-1.65954 2.619955 -0.08479808 -0.975992 2.478588
-2.313392 -0.1770712 -1.907591 0.1841094 -1.141899
-0.5009676 -0.2420756 0.06730158 0.3874857 0.5478986
2.213903 2.189460 -1.070586 -1.870744 0.7987168
-0.8360793 -1.959100 -1.252753 1.759544 -0.9226977
0.8766558 2.311781 -3.313343 1.062545 -0.3195919
0.3042369 0.9409683 -0.5947766 2.163069 -0.1689063
-1.223707 -1.810077 1.386167 -0.394291 -0.9771201
1.146264 -1.460027 -3.240579 1.085759 0.3133025
0.2141994 -0.6505451 -0.1510428 -0.2342987 -1.773797
-1.144630 1.174765 1.309213 0.7664747 1.787016

Y-values
0.1038289 0.3533214 0.1014310 0.2424305 0.2867657
0.03533188 0.05163907 0.2651248 0.2170006 0.2884420
0.1078591 0.2606504 0.05105567 0.2757215 0.2645058
0.2217668 0.3388754 0.2164864 0.2695472 0.2741463
0.2866593 0.04440989 0.2414763 0.2108545 0.2793828
0.2949831 0.2245212 0.1514190 0.2481674 0.1910602
0.1335043 -0.01468654 0.3130387 0.2516776 0.2702770
0.2424262 0.07347472 0.2281658 0.1755389 0.1658807
0.2703876 0.0894884 0.07536626 0.1193211 0.1386899
0.1327764 0.0727243 0.3048157 0.2123426 0.07378352
0.1013665 0.2840817 0.1198528 0.2642116 0.1752287
0.2489291 0.2707032 0.2530545 0.2392053 0.2814805
0.05941905 0.1310222 0.2228391 0.1342253 0.2064085
0.2289960 0.1352812 0.1950962 0.09208325 0.2782777
0.2571315 0.09761029 -0.01681855 0.1912946 0.2737217
0.2880401 0.2836534 0.2475034 0.09244069 0.2785582
0.1948887 0.07988445 0.1476817 0.3009588 0.2163944
0.2279828 0.2050485 -0.0002610982 0.2259968 0.2781358
0.2963185 0.2362501 0.283166 0.2563571 0.1533870
0.2203295 0.2457053 0.1834402 0.2836097 0.1774111
