0.6455304 -0.6031738 -0.4324697 0.1546937 -2.337399
1.18106 0.8062165 -0.4213041 1.938682 -1.145740
0.1537069 -0.1936161 1.929947 -1.201935 0.571491
-1.380409 0.2546746 -0.2799232 -0.4325995 -1.238974
1.514501 0.7757556 0.01340458 1.190760 -0.8576112
-1.398542 -0.4585416 -0.3319892 0.3997108 -0.2050812
0.5162904 -1.524400 -1.106742 -1.200973 -1.884581
-0.8283962 -0.2065910 -0.6975919 0.5857459 -1.726403
-1.270102 0.4035536 -0.01353621 -1.048741 -0.6002347
-0.4105167 -1.122416 0.4308848 -0.8567955 0.7942234
-1.339316 -0.08715915 0.6838743 -0.006045083 0.9118607
-0.3908138 0.812891 2.030983 1.462101 0.7756029
1.159421 -0.5246038 -0.6732653 0.182751 -0.09317185
0.9166288 0.7181444 1.475515 0.5011663 1.339756
-0.9663779 -0.7258372 -0.3758393 0.8673115 1.567678
0.6229705 1.041169 0.7720903 1.780083 0.1429958
-0.3009015 -0.9676208 1.022386 -1.388889 -0.3772766
2.462135 -0.7287872 -0.9413266 -1.880104 -0.2313096
0.6312818 3.015666 0.6125703 0.5209093 1.414165
-0.0484271 0.4885326 0.876721 -0.3112049 1.973665
